12.642972	60.9827   	60.4346   	60.3476   	60.3282   	0.405519  	0.251777  	0.143139  	0.148094  	0.137847  
12.643013	60.983    	60.4349   	60.3479   	60.3285   	0.405521  	0.251779  	0.14314   	0.148094  	0.137847  
12.643054	60.9833   	60.4352   	60.3482   	60.3288   	0.405523  	0.25178   	0.14314   	0.148095  	0.137848  
12.643095	60.9837   	60.4355   	60.3485   	60.3291   	0.405526  	0.251781  	0.143141  	0.148096  	0.137849  
12.643135	60.984    	60.4359   	60.3489   	60.3294   	0.405528  	0.251783  	0.143142  	0.148096  	0.137849  
12.643176	60.9843   	60.4362   	60.3492   	60.3298   	0.40553   	0.251784  	0.143142  	0.148097  	0.13785   
12.643217	60.9847   	60.4365   	60.3495   	60.3301   	0.405532  	0.251785  	0.143143  	0.148098  	0.137851  
12.643258	60.985    	60.4368   	60.3498   	60.3304   	0.405535  	0.251786  	0.143144  	0.148098  	0.137852  
12.643299	60.9853   	60.4371   	60.3502   	60.3307   	0.405537  	0.251788  	0.143145  	0.148099  	0.137852  
12.643339	60.9856   	60.4375   	60.3505   	60.331    	0.405539  	0.251789  	0.143145  	0.1481    	0.137853  
12.643380	60.986    	60.4378   	60.3508   	60.3314   	0.405541  	0.25179   	0.143146  	0.148101  	0.137854  
12.643421	60.9863   	60.4381   	60.3511   	60.3317   	0.405543  	0.251792  	0.143147  	0.148101  	0.137854  
12.643462	60.9866   	60.4384   	60.3514   	60.332    	0.405546  	0.251793  	0.143147  	0.148102  	0.137855  
12.643503	60.987    	60.4388   	60.3518   	60.3323   	0.405548  	0.251794  	0.143148  	0.148103  	0.137856  
12.643543	60.9873   	60.4391   	60.3521   	60.3327   	0.40555   	0.251795  	0.143149  	0.148103  	0.137856  
12.643584	60.9876   	60.4394   	60.3524   	60.333    	0.405552  	0.251797  	0.14315   	0.148104  	0.137857  
12.643625	60.988    	60.4397   	60.3527   	60.3333   	0.405555  	0.251798  	0.14315   	0.148105  	0.137858  
12.643666	60.9883   	60.44     	60.3531   	60.3336   	0.405557  	0.251799  	0.143151  	0.148105  	0.137858  
12.643707	60.9886   	60.4404   	60.3534   	60.3339   	0.405559  	0.2518    	0.143152  	0.148106  	0.137859  
12.643747	60.9889   	60.4407   	60.3537   	60.3343   	0.405561  	0.251802  	0.143152  	0.148107  	0.13786   
12.643788	60.9893   	60.441    	60.354    	60.3346   	0.405564  	0.251803  	0.143153  	0.148107  	0.137861  
12.643829	60.9896   	60.4413   	60.3544   	60.3349   	0.405566  	0.251804  	0.143154  	0.148108  	0.137861  
12.643870	60.9899   	60.4416   	60.3547   	60.3352   	0.405568  	0.251806  	0.143154  	0.148109  	0.137862  
12.643911	60.9903   	60.442    	60.355    	60.3356   	0.40557   	0.251807  	0.143155  	0.148109  	0.137863  
12.643952	60.9906   	60.4423   	60.3553   	60.3359   	0.405573  	0.251808  	0.143156  	0.14811   	0.137863  
12.643992	60.9909   	60.4426   	60.3556   	60.3362   	0.405575  	0.251809  	0.143157  	0.148111  	0.137864  
12.644033	60.9912   	60.4429   	60.356    	60.3365   	0.405577  	0.251811  	0.143157  	0.148112  	0.137865  
12.644074	60.9916   	60.4433   	60.3563   	60.3368   	0.405579  	0.251812  	0.143158  	0.148112  	0.137865  
12.644115	60.9919   	60.4436   	60.3566   	60.3372   	0.405582  	0.251813  	0.143159  	0.148113  	0.137866  
12.644156	60.9922   	60.4439   	60.3569   	60.3375   	0.405584  	0.251814  	0.143159  	0.148114  	0.137867  
12.644196	60.9926   	60.4442   	60.3573   	60.3378   	0.405586  	0.251816  	0.14316   	0.148114  	0.137867  
12.644237	60.9929   	60.4445   	60.3576   	60.3381   	0.405588  	0.251817  	0.143161  	0.148115  	0.137868  
12.644278	60.9932   	60.4449   	60.3579   	60.3385   	0.405591  	0.251818  	0.143162  	0.148116  	0.137869  
12.644319	60.9935   	60.4452   	60.3582   	60.3388   	0.405593  	0.25182   	0.143162  	0.148116  	0.13787   
12.644360	60.9939   	60.4455   	60.3585   	60.3391   	0.405595  	0.251821  	0.143163  	0.148117  	0.13787   
12.644400	60.9942   	60.4458   	60.3589   	60.3394   	0.405597  	0.251822  	0.143164  	0.148118  	0.137871  
12.644441	60.9945   	60.4461   	60.3592   	60.3397   	0.4056    	0.251823  	0.143164  	0.148118  	0.137872  
12.644482	60.9949   	60.4465   	60.3595   	60.3401   	0.405602  	0.251825  	0.143165  	0.148119  	0.137872  
12.644523	60.9952   	60.4468   	60.3598   	60.3404   	0.405604  	0.251826  	0.143166  	0.14812   	0.137873  
12.644564	60.9955   	60.4471   	60.3602   	60.3407   	0.405606  	0.251827  	0.143167  	0.14812   	0.137874  
12.644604	60.9958   	60.4474   	60.3605   	60.341    	0.405609  	0.251829  	0.143167  	0.148121  	0.137874  
12.644645	60.9962   	60.4478   	60.3608   	60.3413   	0.405611  	0.25183   	0.143168  	0.148122  	0.137875  
12.644686	60.9965   	60.4481   	60.3611   	60.3417   	0.405613  	0.251831  	0.143169  	0.148123  	0.137876  
12.644727	60.9968   	60.4484   	60.3614   	60.342    	0.405615  	0.251832  	0.143169  	0.148123  	0.137876  
12.644768	60.9972   	60.4487   	60.3618   	60.3423   	0.405618  	0.251834  	0.14317   	0.148124  	0.137877  
12.644809	60.9975   	60.449    	60.3621   	60.3426   	0.40562   	0.251835  	0.143171  	0.148125  	0.137878  
12.644849	60.9978   	60.4494   	60.3624   	60.343    	0.405622  	0.251836  	0.143172  	0.148125  	0.137879  
12.644890	60.9982   	60.4497   	60.3627   	60.3433   	0.405624  	0.251837  	0.143172  	0.148126  	0.137879  
12.644931	60.9985   	60.45     	60.3631   	60.3436   	0.405627  	0.251839  	0.143173  	0.148127  	0.13788   
12.644972	60.9988   	60.4503   	60.3634   	60.3439   	0.405629  	0.25184   	0.143174  	0.148127  	0.137881  
12.645013	60.9991   	60.4506   	60.3637   	60.3442   	0.405631  	0.251841  	0.143174  	0.148128  	0.137881  
12.645053	60.9995   	60.451    	60.364    	60.3446   	0.405633  	0.251843  	0.143175  	0.148129  	0.137882  
12.645094	60.9998   	60.4513   	60.3643   	60.3449   	0.405636  	0.251844  	0.143176  	0.148129  	0.137883  
12.645135	61.0001   	60.4516   	60.3647   	60.3452   	0.405638  	0.251845  	0.143177  	0.14813   	0.137883  
12.645176	61.0005   	60.4519   	60.365    	60.3455   	0.40564   	0.251846  	0.143177  	0.148131  	0.137884  
12.645217	61.0008   	60.4522   	60.3653   	60.3459   	0.405642  	0.251848  	0.143178  	0.148131  	0.137885  
12.645257	61.0011   	60.4526   	60.3656   	60.3462   	0.405645  	0.251849  	0.143179  	0.148132  	0.137885  
12.645298	61.0014   	60.4529   	60.366    	60.3465   	0.405647  	0.25185   	0.143179  	0.148133  	0.137886  
12.645339	61.0018   	60.4532   	60.3663   	60.3468   	0.405649  	0.251851  	0.14318   	0.148134  	0.137887  
12.645380	61.0021   	60.4535   	60.3666   	60.3471   	0.405651  	0.251853  	0.143181  	0.148134  	0.137888  
12.645421	61.0024   	60.4539   	60.3669   	60.3475   	0.405653  	0.251854  	0.143182  	0.148135  	0.137888  
12.645461	61.0028   	60.4542   	60.3673   	60.3478   	0.405656  	0.251855  	0.143182  	0.148136  	0.137889  
12.645502	61.0031   	60.4545   	60.3676   	60.3481   	0.405658  	0.251857  	0.143183  	0.148136  	0.13789   
12.645543	61.0034   	60.4548   	60.3679   	60.3484   	0.40566   	0.251858  	0.143184  	0.148137  	0.13789   
12.645584	61.0037   	60.4551   	60.3682   	60.3488   	0.405662  	0.251859  	0.143184  	0.148138  	0.137891  
12.645625	61.0041   	60.4555   	60.3685   	60.3491   	0.405665  	0.25186   	0.143185  	0.148138  	0.137892  
12.645666	61.0044   	60.4558   	60.3689   	60.3494   	0.405667  	0.251862  	0.143186  	0.148139  	0.137892  
12.645706	61.0047   	60.4561   	60.3692   	60.3497   	0.405669  	0.251863  	0.143186  	0.14814   	0.137893  
12.645747	61.0051   	60.4564   	60.3695   	60.35     	0.405671  	0.251864  	0.143187  	0.14814   	0.137894  
12.645788	61.0054   	60.4567   	60.3698   	60.3504   	0.405674  	0.251866  	0.143188  	0.148141  	0.137895  
12.645829	61.0057   	60.4571   	60.3702   	60.3507   	0.405676  	0.251867  	0.143189  	0.148142  	0.137895  
12.645870	61.006    	60.4574   	60.3705   	60.351    	0.405678  	0.251868  	0.143189  	0.148142  	0.137896  
12.645910	61.0064   	60.4577   	60.3708   	60.3513   	0.40568   	0.251869  	0.14319   	0.148143  	0.137897  
12.645951	61.0067   	60.458    	60.3711   	60.3517   	0.405683  	0.251871  	0.143191  	0.148144  	0.137897  
12.645992	61.007    	60.4584   	60.3714   	60.352    	0.405685  	0.251872  	0.143191  	0.148144  	0.137898  
12.646033	61.0074   	60.4587   	60.3718   	60.3523   	0.405687  	0.251873  	0.143192  	0.148145  	0.137899  
12.646074	61.0077   	60.459    	60.3721   	60.3526   	0.405689  	0.251874  	0.143193  	0.148146  	0.137899  
12.646114	61.008    	60.4593   	60.3724   	60.3529   	0.405692  	0.251876  	0.143194  	0.148147  	0.1379    
12.646155	61.0084   	60.4596   	60.3727   	60.3533   	0.405694  	0.251877  	0.143194  	0.148147  	0.137901  
12.646196	61.0087   	60.46     	60.3731   	60.3536   	0.405696  	0.251878  	0.143195  	0.148148  	0.137901  
12.646237	61.009    	60.4603   	60.3734   	60.3539   	0.405698  	0.25188   	0.143196  	0.148149  	0.137902  
12.646278	61.0093   	60.4606   	60.3737   	60.3542   	0.405701  	0.251881  	0.143196  	0.148149  	0.137903  
12.646318	61.0097   	60.4609   	60.374    	60.3545   	0.405703  	0.251882  	0.143197  	0.14815   	0.137904  
12.646359	61.01     	60.4612   	60.3743   	60.3549   	0.405705  	0.251883  	0.143198  	0.148151  	0.137904  
12.646400	61.0103   	60.4616   	60.3747   	60.3552   	0.405707  	0.251885  	0.143199  	0.148151  	0.137905  
12.646441	61.0107   	60.4619   	60.375    	60.3555   	0.40571   	0.251886  	0.143199  	0.148152  	0.137906  
12.646482	61.011    	60.4622   	60.3753   	60.3558   	0.405712  	0.251887  	0.1432    	0.148153  	0.137906  
12.646522	61.0113   	60.4625   	60.3756   	60.3562   	0.405714  	0.251888  	0.143201  	0.148153  	0.137907  
12.646563	61.0116   	60.4629   	60.376    	60.3565   	0.405716  	0.25189   	0.143201  	0.148154  	0.137908  
12.646604	61.012    	60.4632   	60.3763   	60.3568   	0.405719  	0.251891  	0.143202  	0.148155  	0.137908  
12.646645	61.0123   	60.4635   	60.3766   	60.3571   	0.405721  	0.251892  	0.143203  	0.148155  	0.137909  
12.646686	61.0126   	60.4638   	60.3769   	60.3574   	0.405723  	0.251894  	0.143204  	0.148156  	0.13791   
12.646727	61.013    	60.4641   	60.3772   	60.3578   	0.405725  	0.251895  	0.143204  	0.148157  	0.13791   
12.646767	61.0133   	60.4645   	60.3776   	60.3581   	0.405728  	0.251896  	0.143205  	0.148158  	0.137911  
12.646808	61.0136   	60.4648   	60.3779   	60.3584   	0.40573   	0.251897  	0.143206  	0.148158  	0.137912  
12.646849	61.0139   	60.4651   	60.3782   	60.3587   	0.405732  	0.251899  	0.143206  	0.148159  	0.137913  
12.646890	61.0143   	60.4654   	60.3785   	60.3591   	0.405734  	0.2519    	0.143207  	0.14816   	0.137913  
12.646931	61.0146   	60.4657   	60.3789   	60.3594   	0.405737  	0.251901  	0.143208  	0.14816   	0.137914  
12.646971	61.0149   	60.4661   	60.3792   	60.3597   	0.405739  	0.251903  	0.143209  	0.148161  	0.137915  
12.647012	61.0153   	60.4664   	60.3795   	60.36     	0.405741  	0.251904  	0.143209  	0.148162  	0.137915  
12.647053	61.0156   	60.4667   	60.3798   	60.3603   	0.405743  	0.251905  	0.14321   	0.148162  	0.137916  
12.647094	61.0159   	60.467    	60.3801   	60.3607   	0.405746  	0.251906  	0.143211  	0.148163  	0.137917  
12.647135	61.0162   	60.4674   	60.3805   	60.361    	0.405748  	0.251908  	0.143211  	0.148164  	0.137917  
12.647175	61.0166   	60.4677   	60.3808   	60.3613   	0.40575   	0.251909  	0.143212  	0.148164  	0.137918  
12.647216	61.0169   	60.468    	60.3811   	60.3616   	0.405752  	0.25191   	0.143213  	0.148165  	0.137919  
12.647257	61.0172   	60.4683   	60.3814   	60.362    	0.405755  	0.251911  	0.143214  	0.148166  	0.137919  
12.647298	61.0176   	60.4686   	60.3818   	60.3623   	0.405757  	0.251913  	0.143214  	0.148166  	0.13792   
12.647339	61.0179   	60.469    	60.3821   	60.3626   	0.405759  	0.251914  	0.143215  	0.148167  	0.137921  
12.647379	61.0182   	60.4693   	60.3824   	60.3629   	0.405761  	0.251915  	0.143216  	0.148168  	0.137922  
12.647420	61.0185   	60.4696   	60.3827   	60.3632   	0.405763  	0.251917  	0.143216  	0.148169  	0.137922  
12.647461	61.0189   	60.4699   	60.3831   	60.3636   	0.405766  	0.251918  	0.143217  	0.148169  	0.137923  
12.647502	61.0192   	60.4702   	60.3834   	60.3639   	0.405768  	0.251919  	0.143218  	0.14817   	0.137924  
12.647543	61.0195   	60.4706   	60.3837   	60.3642   	0.40577   	0.25192   	0.143219  	0.148171  	0.137924  
12.647584	61.0199   	60.4709   	60.384    	60.3645   	0.405772  	0.251922  	0.143219  	0.148171  	0.137925  
12.647624	61.0202   	60.4712   	60.3843   	60.3649   	0.405775  	0.251923  	0.14322   	0.148172  	0.137926  
12.647665	61.0205   	60.4715   	60.3847   	60.3652   	0.405777  	0.251924  	0.143221  	0.148173  	0.137926  
12.647706	61.0209   	60.4719   	60.385    	60.3655   	0.405779  	0.251926  	0.143221  	0.148173  	0.137927  
12.647747	61.0212   	60.4722   	60.3853   	60.3658   	0.405781  	0.251927  	0.143222  	0.148174  	0.137928  
12.647788	61.0215   	60.4725   	60.3856   	60.3661   	0.405784  	0.251928  	0.143223  	0.148175  	0.137928  
12.647828	61.0218   	60.4728   	60.386    	60.3665   	0.405786  	0.251929  	0.143223  	0.148175  	0.137929  
12.647869	61.0222   	60.4731   	60.3863   	60.3668   	0.405788  	0.251931  	0.143224  	0.148176  	0.13793   
12.647910	61.0225   	60.4735   	60.3866   	60.3671   	0.40579   	0.251932  	0.143225  	0.148177  	0.137931  
12.647951	61.0228   	60.4738   	60.3869   	60.3674   	0.405793  	0.251933  	0.143226  	0.148177  	0.137931  
12.647992	61.0232   	60.4741   	60.3872   	60.3677   	0.405795  	0.251934  	0.143226  	0.148178  	0.137932  
12.648032	61.0235   	60.4744   	60.3876   	60.3681   	0.405797  	0.251936  	0.143227  	0.148179  	0.137933  
12.648073	61.0238   	60.4747   	60.3879   	60.3684   	0.405799  	0.251937  	0.143228  	0.14818   	0.137933  
12.648114	61.0241   	60.4751   	60.3882   	60.3687   	0.405802  	0.251938  	0.143228  	0.14818   	0.137934  
12.648155	61.0245   	60.4754   	60.3885   	60.369    	0.405804  	0.25194   	0.143229  	0.148181  	0.137935  
12.648196	61.0248   	60.4757   	60.3889   	60.3694   	0.405806  	0.251941  	0.14323   	0.148182  	0.137935  
12.648236	61.0251   	60.476    	60.3892   	60.3697   	0.405808  	0.251942  	0.143231  	0.148182  	0.137936  
12.648277	61.0255   	60.4763   	60.3895   	60.37     	0.405811  	0.251943  	0.143231  	0.148183  	0.137937  
12.648318	61.0258   	60.4767   	60.3898   	60.3703   	0.405813  	0.251945  	0.143232  	0.148184  	0.137938  
12.648359	61.0261   	60.477    	60.3901   	60.3706   	0.405815  	0.251946  	0.143233  	0.148184  	0.137938  
12.648400	61.0264   	60.4773   	60.3905   	60.371    	0.405817  	0.251947  	0.143233  	0.148185  	0.137939  
12.648441	61.0268   	60.4776   	60.3908   	60.3713   	0.40582   	0.251948  	0.143234  	0.148186  	0.13794   
12.648481	61.0271   	60.478    	60.3911   	60.3716   	0.405822  	0.25195   	0.143235  	0.148186  	0.13794   
12.648522	61.0274   	60.4783   	60.3914   	60.3719   	0.405824  	0.251951  	0.143236  	0.148187  	0.137941  
12.648563	61.0278   	60.4786   	60.3918   	60.3723   	0.405826  	0.251952  	0.143236  	0.148188  	0.137942  
12.648604	61.0281   	60.4789   	60.3921   	60.3726   	0.405829  	0.251954  	0.143237  	0.148188  	0.137942  
12.648645	61.0284   	60.4792   	60.3924   	60.3729   	0.405831  	0.251955  	0.143238  	0.148189  	0.137943  
12.648685	61.0287   	60.4796   	60.3927   	60.3732   	0.405833  	0.251956  	0.143238  	0.14819   	0.137944  
12.648726	61.0291   	60.4799   	60.393    	60.3735   	0.405835  	0.251957  	0.143239  	0.14819   	0.137944  
12.648767	61.0294   	60.4802   	60.3934   	60.3739   	0.405838  	0.251959  	0.14324   	0.148191  	0.137945  
12.648808	61.0297   	60.4805   	60.3937   	60.3742   	0.40584   	0.25196   	0.143241  	0.148192  	0.137946  
12.648849	61.0301   	60.4808   	60.394    	60.3745   	0.405842  	0.251961  	0.143241  	0.148193  	0.137947  
12.648889	61.0304   	60.4812   	60.3943   	60.3748   	0.405844  	0.251963  	0.143242  	0.148193  	0.137947  
12.648930	61.0307   	60.4815   	60.3947   	60.3752   	0.405847  	0.251964  	0.143243  	0.148194  	0.137948  
12.648971	61.0311   	60.4818   	60.395    	60.3755   	0.405849  	0.251965  	0.143243  	0.148195  	0.137949  
12.649012	61.0314   	60.4821   	60.3953   	60.3758   	0.405851  	0.251966  	0.143244  	0.148195  	0.137949  
12.649053	61.0317   	60.4825   	60.3956   	60.3761   	0.405853  	0.251968  	0.143245  	0.148196  	0.13795   
12.649093	61.032    	60.4828   	60.3959   	60.3764   	0.405856  	0.251969  	0.143246  	0.148197  	0.137951  
12.649134	61.0324   	60.4831   	60.3963   	60.3768   	0.405858  	0.25197   	0.143246  	0.148197  	0.137951  
12.649175	61.0327   	60.4834   	60.3966   	60.3771   	0.40586   	0.251971  	0.143247  	0.148198  	0.137952  
12.649216	61.033    	60.4837   	60.3969   	60.3774   	0.405862  	0.251973  	0.143248  	0.148199  	0.137953  
12.649257	61.0334   	60.4841   	60.3972   	60.3777   	0.405865  	0.251974  	0.143248  	0.148199  	0.137953  
12.649298	61.0337   	60.4844   	60.3976   	60.3781   	0.405867  	0.251975  	0.143249  	0.1482    	0.137954  
12.649338	61.034    	60.4847   	60.3979   	60.3784   	0.405869  	0.251977  	0.14325   	0.148201  	0.137955  
12.649379	61.0343   	60.485    	60.3982   	60.3787   	0.405871  	0.251978  	0.143251  	0.148201  	0.137956  
12.649420	61.0347   	60.4853   	60.3985   	60.379    	0.405873  	0.251979  	0.143251  	0.148202  	0.137956  
12.649461	61.035    	60.4857   	60.3989   	60.3793   	0.405876  	0.25198   	0.143252  	0.148203  	0.137957  
12.649502	61.0353   	60.486    	60.3992   	60.3797   	0.405878  	0.251982  	0.143253  	0.148204  	0.137958  
12.649542	61.0357   	60.4863   	60.3995   	60.38     	0.40588   	0.251983  	0.143253  	0.148204  	0.137958  
12.649583	61.036    	60.4866   	60.3998   	60.3803   	0.405882  	0.251984  	0.143254  	0.148205  	0.137959  
12.649624	61.0363   	60.487    	60.4001   	60.3806   	0.405885  	0.251985  	0.143255  	0.148206  	0.13796   
12.649665	61.0366   	60.4873   	60.4005   	60.3809   	0.405887  	0.251987  	0.143255  	0.148206  	0.13796   
12.649706	61.037    	60.4876   	60.4008   	60.3813   	0.405889  	0.251988  	0.143256  	0.148207  	0.137961  
12.649746	61.0373   	60.4879   	60.4011   	60.3816   	0.405891  	0.251989  	0.143257  	0.148208  	0.137962  
12.649787	61.0376   	60.4882   	60.4014   	60.3819   	0.405894  	0.251991  	0.143258  	0.148208  	0.137962  
12.649828	61.038    	60.4886   	60.4018   	60.3822   	0.405896  	0.251992  	0.143258  	0.148209  	0.137963  
12.649869	61.0383   	60.4889   	60.4021   	60.3826   	0.405898  	0.251993  	0.143259  	0.14821   	0.137964  
12.649910	61.0386   	60.4892   	60.4024   	60.3829   	0.4059    	0.251994  	0.14326   	0.14821   	0.137965  
12.649950	61.0389   	60.4895   	60.4027   	60.3832   	0.405903  	0.251996  	0.14326   	0.148211  	0.137965  
12.649991	61.0393   	60.4898   	60.403    	60.3835   	0.405905  	0.251997  	0.143261  	0.148212  	0.137966  
12.650032	61.0396   	60.4902   	60.4034   	60.3838   	0.405907  	0.251998  	0.143262  	0.148212  	0.137967  
12.650073	61.0399   	60.4905   	60.4037   	60.3842   	0.405909  	0.252     	0.143263  	0.148213  	0.137967  
12.650114	61.0403   	60.4908   	60.404    	60.3845   	0.405912  	0.252001  	0.143263  	0.148214  	0.137968  
12.650155	61.0406   	60.4911   	60.4043   	60.3848   	0.405914  	0.252002  	0.143264  	0.148215  	0.137969  
12.650195	61.0409   	60.4915   	60.4047   	60.3851   	0.405916  	0.252003  	0.143265  	0.148215  	0.137969  
12.650236	61.0413   	60.4918   	60.405    	60.3855   	0.405918  	0.252005  	0.143265  	0.148216  	0.13797   
12.650277	61.0416   	60.4921   	60.4053   	60.3858   	0.405921  	0.252006  	0.143266  	0.148217  	0.137971  
12.650318	61.0419   	60.4924   	60.4056   	60.3861   	0.405923  	0.252007  	0.143267  	0.148217  	0.137971  
12.650359	61.0422   	60.4927   	60.4059   	60.3864   	0.405925  	0.252008  	0.143268  	0.148218  	0.137972  
12.650399	61.0426   	60.4931   	60.4063   	60.3867   	0.405927  	0.25201   	0.143268  	0.148219  	0.137973  
12.650440	61.0429   	60.4934   	60.4066   	60.3871   	0.40593   	0.252011  	0.143269  	0.148219  	0.137974  
12.650481	61.0432   	60.4937   	60.4069   	60.3874   	0.405932  	0.252012  	0.14327   	0.14822   	0.137974  
12.650522	61.0436   	60.494    	60.4072   	60.3877   	0.405934  	0.252014  	0.14327   	0.148221  	0.137975  
12.650563	61.0439   	60.4943   	60.4076   	60.388    	0.405936  	0.252015  	0.143271  	0.148221  	0.137976  
12.650603	61.0442   	60.4947   	60.4079   	60.3884   	0.405939  	0.252016  	0.143272  	0.148222  	0.137976  
12.650644	61.0445   	60.495    	60.4082   	60.3887   	0.405941  	0.252017  	0.143273  	0.148223  	0.137977  
12.650685	61.0449   	60.4953   	60.4085   	60.389    	0.405943  	0.252019  	0.143273  	0.148223  	0.137978  
12.650726	61.0452   	60.4956   	60.4088   	60.3893   	0.405945  	0.25202   	0.143274  	0.148224  	0.137978  
12.650767	61.0455   	60.496    	60.4092   	60.3896   	0.405948  	0.252021  	0.143275  	0.148225  	0.137979  
12.650807	61.0459   	60.4963   	60.4095   	60.39     	0.40595   	0.252022  	0.143275  	0.148226  	0.13798   
12.650848	61.0462   	60.4966   	60.4098   	60.3903   	0.405952  	0.252024  	0.143276  	0.148226  	0.13798   
12.650889	61.0465   	60.4969   	60.4101   	60.3906   	0.405954  	0.252025  	0.143277  	0.148227  	0.137981  
12.650930	61.0468   	60.4972   	60.4105   	60.3909   	0.405957  	0.252026  	0.143278  	0.148228  	0.137982  
12.650971	61.0472   	60.4976   	60.4108   	60.3912   	0.405959  	0.252028  	0.143278  	0.148228  	0.137983  
12.651012	61.0475   	60.4979   	60.4111   	60.3916   	0.405961  	0.252029  	0.143279  	0.148229  	0.137983  
12.651052	61.0478   	60.4982   	60.4114   	60.3919   	0.405963  	0.25203   	0.14328   	0.14823   	0.137984  
12.651093	61.0482   	60.4985   	60.4118   	60.3922   	0.405966  	0.252031  	0.14328   	0.14823   	0.137985  
12.651134	61.0485   	60.4988   	60.4121   	60.3925   	0.405968  	0.252033  	0.143281  	0.148231  	0.137985  
12.651175	61.0488   	60.4992   	60.4124   	60.3929   	0.40597   	0.252034  	0.143282  	0.148232  	0.137986  
12.651216	61.0491   	60.4995   	60.4127   	60.3932   	0.405972  	0.252035  	0.143283  	0.148232  	0.137987  
12.651256	61.0495   	60.4998   	60.413    	60.3935   	0.405975  	0.252037  	0.143283  	0.148233  	0.137987  
12.651297	61.0498   	60.5001   	60.4134   	60.3938   	0.405977  	0.252038  	0.143284  	0.148234  	0.137988  
12.651338	61.0501   	60.5005   	60.4137   	60.3941   	0.405979  	0.252039  	0.143285  	0.148234  	0.137989  
12.651379	61.0505   	60.5008   	60.414    	60.3945   	0.405981  	0.25204   	0.143285  	0.148235  	0.13799   
12.651420	61.0508   	60.5011   	60.4143   	60.3948   	0.405983  	0.252042  	0.143286  	0.148236  	0.13799   
12.651460	61.0511   	60.5014   	60.4147   	60.3951   	0.405986  	0.252043  	0.143287  	0.148237  	0.137991  
12.651501	61.0515   	60.5017   	60.415    	60.3954   	0.405988  	0.252044  	0.143287  	0.148237  	0.137992  
12.651542	61.0518   	60.5021   	60.4153   	60.3958   	0.40599   	0.252045  	0.143288  	0.148238  	0.137992  
12.651583	61.0521   	60.5024   	60.4156   	60.3961   	0.405992  	0.252047  	0.143289  	0.148239  	0.137993  
12.651624	61.0524   	60.5027   	60.4159   	60.3964   	0.405995  	0.252048  	0.14329   	0.148239  	0.137994  
12.651664	61.0528   	60.503    	60.4163   	60.3967   	0.405997  	0.252049  	0.14329   	0.14824   	0.137994  
12.651705	61.0531   	60.5033   	60.4166   	60.397    	0.405999  	0.252051  	0.143291  	0.148241  	0.137995  
12.651746	61.0534   	60.5037   	60.4169   	60.3974   	0.406001  	0.252052  	0.143292  	0.148241  	0.137996  
12.651787	61.0538   	60.504    	60.4172   	60.3977   	0.406004  	0.252053  	0.143292  	0.148242  	0.137996  
12.651828	61.0541   	60.5043   	60.4176   	60.398    	0.406006  	0.252054  	0.143293  	0.148243  	0.137997  
12.651869	61.0544   	60.5046   	60.4179   	60.3983   	0.406008  	0.252056  	0.143294  	0.148243  	0.137998  
12.651909	61.0547   	60.5049   	60.4182   	60.3987   	0.40601   	0.252057  	0.143295  	0.148244  	0.137999  
12.651950	61.0551   	60.5053   	60.4185   	60.399    	0.406013  	0.252058  	0.143295  	0.148245  	0.137999  
12.651991	61.0554   	60.5056   	60.4188   	60.3993   	0.406015  	0.252059  	0.143296  	0.148245  	0.138     
12.652032	61.0557   	60.5059   	60.4192   	60.3996   	0.406017  	0.252061  	0.143297  	0.148246  	0.138001  
12.652073	61.0561   	60.5062   	60.4195   	60.3999   	0.406019  	0.252062  	0.143297  	0.148247  	0.138001  
12.652113	61.0564   	60.5066   	60.4198   	60.4003   	0.406022  	0.252063  	0.143298  	0.148247  	0.138002  
12.652154	61.0567   	60.5069   	60.4201   	60.4006   	0.406024  	0.252065  	0.143299  	0.148248  	0.138003  
12.652195	61.057    	60.5072   	60.4205   	60.4009   	0.406026  	0.252066  	0.1433    	0.148249  	0.138003  
12.652236	61.0574   	60.5075   	60.4208   	60.4012   	0.406028  	0.252067  	0.1433    	0.14825   	0.138004  
12.652277	61.0577   	60.5078   	60.4211   	60.4016   	0.406031  	0.252068  	0.143301  	0.14825   	0.138005  
12.652317	61.058    	60.5082   	60.4214   	60.4019   	0.406033  	0.25207   	0.143302  	0.148251  	0.138005  
12.652358	61.0584   	60.5085   	60.4217   	60.4022   	0.406035  	0.252071  	0.143302  	0.148252  	0.138006  
12.652399	61.0587   	60.5088   	60.4221   	60.4025   	0.406037  	0.252072  	0.143303  	0.148252  	0.138007  
12.652440	61.059    	60.5091   	60.4224   	60.4028   	0.40604   	0.252074  	0.143304  	0.148253  	0.138008  
12.652481	61.0593   	60.5094   	60.4227   	60.4032   	0.406042  	0.252075  	0.143305  	0.148254  	0.138008  
12.652521	61.0597   	60.5098   	60.423    	60.4035   	0.406044  	0.252076  	0.143305  	0.148254  	0.138009  
12.652562	61.06     	60.5101   	60.4234   	60.4038   	0.406046  	0.252077  	0.143306  	0.148255  	0.13801   
12.652603	61.0603   	60.5104   	60.4237   	60.4041   	0.406049  	0.252079  	0.143307  	0.148256  	0.13801   
12.652644	61.0607   	60.5107   	60.424    	60.4044   	0.406051  	0.25208   	0.143307  	0.148256  	0.138011  
12.652685	61.061    	60.5111   	60.4243   	60.4048   	0.406053  	0.252081  	0.143308  	0.148257  	0.138012  
12.652726	61.0613   	60.5114   	60.4246   	60.4051   	0.406055  	0.252082  	0.143309  	0.148258  	0.138012  
12.652766	61.0616   	60.5117   	60.425    	60.4054   	0.406058  	0.252084  	0.14331   	0.148258  	0.138013  
12.652807	61.062    	60.512    	60.4253   	60.4057   	0.40606   	0.252085  	0.14331   	0.148259  	0.138014  
12.652848	61.0623   	60.5123   	60.4256   	60.4061   	0.406062  	0.252086  	0.143311  	0.14826   	0.138014  
12.652889	61.0626   	60.5127   	60.4259   	60.4064   	0.406064  	0.252088  	0.143312  	0.148261  	0.138015  
12.652930	61.063    	60.513    	60.4263   	60.4067   	0.406067  	0.252089  	0.143312  	0.148261  	0.138016  
12.652970	61.0633   	60.5133   	60.4266   	60.407    	0.406069  	0.25209   	0.143313  	0.148262  	0.138017  
12.653011	61.0636   	60.5136   	60.4269   	60.4073   	0.406071  	0.252091  	0.143314  	0.148263  	0.138017  
12.653052	61.064    	60.5139   	60.4272   	60.4077   	0.406073  	0.252093  	0.143315  	0.148263  	0.138018  
12.653093	61.0643   	60.5143   	60.4276   	60.408    	0.406076  	0.252094  	0.143315  	0.148264  	0.138019  
12.653134	61.0646   	60.5146   	60.4279   	60.4083   	0.406078  	0.252095  	0.143316  	0.148265  	0.138019  
12.653174	61.0649   	60.5149   	60.4282   	60.4086   	0.40608   	0.252096  	0.143317  	0.148265  	0.13802   
12.653215	61.0653   	60.5152   	60.4285   	60.409    	0.406082  	0.252098  	0.143317  	0.148266  	0.138021  
12.653256	61.0656   	60.5156   	60.4288   	60.4093   	0.406085  	0.252099  	0.143318  	0.148267  	0.138021  
12.653297	61.0659   	60.5159   	60.4292   	60.4096   	0.406087  	0.2521    	0.143319  	0.148267  	0.138022  
12.653338	61.0663   	60.5162   	60.4295   	60.4099   	0.406089  	0.252102  	0.143319  	0.148268  	0.138023  
12.653378	61.0666   	60.5165   	60.4298   	60.4102   	0.406091  	0.252103  	0.14332   	0.148269  	0.138023  
12.653419	61.0669   	60.5168   	60.4301   	60.4106   	0.406093  	0.252104  	0.143321  	0.148269  	0.138024  
12.653460	61.0672   	60.5172   	60.4305   	60.4109   	0.406096  	0.252105  	0.143322  	0.14827   	0.138025  
12.653501	61.0676   	60.5175   	60.4308   	60.4112   	0.406098  	0.252107  	0.143322  	0.148271  	0.138026  
12.653542	61.0679   	60.5178   	60.4311   	60.4115   	0.4061    	0.252108  	0.143323  	0.148272  	0.138026  
12.653582	61.0682   	60.5181   	60.4314   	60.4119   	0.406102  	0.252109  	0.143324  	0.148272  	0.138027  
12.653623	61.0686   	60.5184   	60.4317   	60.4122   	0.406105  	0.252111  	0.143324  	0.148273  	0.138028  
12.653664	61.0689   	60.5188   	60.4321   	60.4125   	0.406107  	0.252112  	0.143325  	0.148274  	0.138028  
12.653705	61.0692   	60.5191   	60.4324   	60.4128   	0.406109  	0.252113  	0.143326  	0.148274  	0.138029  
12.653746	61.0695   	60.5194   	60.4327   	60.4131   	0.406111  	0.252114  	0.143327  	0.148275  	0.13803   
12.653787	61.0699   	60.5197   	60.433    	60.4135   	0.406114  	0.252116  	0.143327  	0.148276  	0.13803   
12.653827	61.0702   	60.5201   	60.4334   	60.4138   	0.406116  	0.252117  	0.143328  	0.148276  	0.138031  
12.653868	61.0705   	60.5204   	60.4337   	60.4141   	0.406118  	0.252118  	0.143329  	0.148277  	0.138032  
12.653909	61.0709   	60.5207   	60.434    	60.4144   	0.40612   	0.252119  	0.143329  	0.148278  	0.138032  
12.653950	61.0712   	60.521    	60.4343   	60.4148   	0.406123  	0.252121  	0.14333   	0.148278  	0.138033  
12.653991	61.0715   	60.5213   	60.4346   	60.4151   	0.406125  	0.252122  	0.143331  	0.148279  	0.138034  
12.654031	61.0718   	60.5217   	60.435    	60.4154   	0.406127  	0.252123  	0.143332  	0.14828   	0.138035  
12.654072	61.0722   	60.522    	60.4353   	60.4157   	0.406129  	0.252125  	0.143332  	0.14828   	0.138035  
12.654113	61.0725   	60.5223   	60.4356   	60.416    	0.406132  	0.252126  	0.143333  	0.148281  	0.138036  
12.654154	61.0728   	60.5226   	60.4359   	60.4164   	0.406134  	0.252127  	0.143334  	0.148282  	0.138037  
12.654195	61.0732   	60.5229   	60.4363   	60.4167   	0.406136  	0.252128  	0.143334  	0.148283  	0.138037  
12.654235	61.0735   	60.5233   	60.4366   	60.417    	0.406138  	0.25213   	0.143335  	0.148283  	0.138038  
12.654276	61.0738   	60.5236   	60.4369   	60.4173   	0.406141  	0.252131  	0.143336  	0.148284  	0.138039  
12.654317	61.0742   	60.5239   	60.4372   	60.4176   	0.406143  	0.252132  	0.143337  	0.148285  	0.138039  
12.654358	61.0745   	60.5242   	60.4375   	60.418    	0.406145  	0.252133  	0.143337  	0.148285  	0.13804   
12.654399	61.0748   	60.5246   	60.4379   	60.4183   	0.406147  	0.252135  	0.143338  	0.148286  	0.138041  
12.654439	61.0751   	60.5249   	60.4382   	60.4186   	0.40615   	0.252136  	0.143339  	0.148287  	0.138042  
12.654480	61.0755   	60.5252   	60.4385   	60.4189   	0.406152  	0.252137  	0.143339  	0.148287  	0.138042  
12.654521	61.0758   	60.5255   	60.4388   	60.4193   	0.406154  	0.252139  	0.14334   	0.148288  	0.138043  
12.654562	61.0761   	60.5258   	60.4392   	60.4196   	0.406156  	0.25214   	0.143341  	0.148289  	0.138044  
12.654603	61.0765   	60.5262   	60.4395   	60.4199   	0.406159  	0.252141  	0.143342  	0.148289  	0.138044  
12.654644	61.0768   	60.5265   	60.4398   	60.4202   	0.406161  	0.252142  	0.143342  	0.14829   	0.138045  
12.654684	61.0771   	60.5268   	60.4401   	60.4205   	0.406163  	0.252144  	0.143343  	0.148291  	0.138046  
12.654725	61.0774   	60.5271   	60.4404   	60.4209   	0.406165  	0.252145  	0.143344  	0.148291  	0.138046  
12.654766	61.0778   	60.5274   	60.4408   	60.4212   	0.406168  	0.252146  	0.143344  	0.148292  	0.138047  
12.654807	61.0781   	60.5278   	60.4411   	60.4215   	0.40617   	0.252148  	0.143345  	0.148293  	0.138048  
12.654848	61.0784   	60.5281   	60.4414   	60.4218   	0.406172  	0.252149  	0.143346  	0.148293  	0.138048  
12.654888	61.0788   	60.5284   	60.4417   	60.4222   	0.406174  	0.25215   	0.143347  	0.148294  	0.138049  
12.654929	61.0791   	60.5287   	60.4421   	60.4225   	0.406177  	0.252151  	0.143347  	0.148295  	0.13805   
12.654970	61.0794   	60.529    	60.4424   	60.4228   	0.406179  	0.252153  	0.143348  	0.148296  	0.138051  
12.655011	61.0797   	60.5294   	60.4427   	60.4231   	0.406181  	0.252154  	0.143349  	0.148296  	0.138051  
12.655052	61.0801   	60.5297   	60.443    	60.4234   	0.406183  	0.252155  	0.143349  	0.148297  	0.138052  
12.655092	61.0804   	60.53     	60.4434   	60.4238   	0.406186  	0.252156  	0.14335   	0.148298  	0.138053  
12.655133	61.0807   	60.5303   	60.4437   	60.4241   	0.406188  	0.252158  	0.143351  	0.148298  	0.138053  
12.655174	61.0811   	60.5307   	60.444    	60.4244   	0.40619   	0.252159  	0.143351  	0.148299  	0.138054  
12.655215	61.0814   	60.531    	60.4443   	60.4247   	0.406192  	0.25216   	0.143352  	0.1483    	0.138055  
12.655256	61.0817   	60.5313   	60.4446   	60.4251   	0.406195  	0.252162  	0.143353  	0.1483    	0.138055  
12.655296	61.082    	60.5316   	60.445    	60.4254   	0.406197  	0.252163  	0.143354  	0.148301  	0.138056  
12.655337	61.0824   	60.5319   	60.4453   	60.4257   	0.406199  	0.252164  	0.143354  	0.148302  	0.138057  
12.655378	61.0827   	60.5323   	60.4456   	60.426    	0.406201  	0.252165  	0.143355  	0.148302  	0.138057  
12.655419	61.083    	60.5326   	60.4459   	60.4263   	0.406203  	0.252167  	0.143356  	0.148303  	0.138058  
12.655460	61.0834   	60.5329   	60.4463   	60.4267   	0.406206  	0.252168  	0.143356  	0.148304  	0.138059  
12.655501	61.0837   	60.5332   	60.4466   	60.427    	0.406208  	0.252169  	0.143357  	0.148304  	0.13806   
12.655541	61.084    	60.5335   	60.4469   	60.4273   	0.40621   	0.252171  	0.143358  	0.148305  	0.13806   
12.655582	61.0844   	60.5339   	60.4472   	60.4276   	0.406212  	0.252172  	0.143359  	0.148306  	0.138061  
12.655623	61.0847   	60.5342   	60.4475   	60.4279   	0.406215  	0.252173  	0.143359  	0.148307  	0.138062  
12.655664	61.085    	60.5345   	60.4479   	60.4283   	0.406217  	0.252174  	0.14336   	0.148307  	0.138062  
12.655705	61.0853   	60.5348   	60.4482   	60.4286   	0.406219  	0.252176  	0.143361  	0.148308  	0.138063  
12.655745	61.0857   	60.5352   	60.4485   	60.4289   	0.406221  	0.252177  	0.143361  	0.148309  	0.138064  
12.655786	61.086    	60.5355   	60.4488   	60.4292   	0.406224  	0.252178  	0.143362  	0.148309  	0.138064  
12.655827	61.0863   	60.5358   	60.4492   	60.4296   	0.406226  	0.252179  	0.143363  	0.14831   	0.138065  
12.655868	61.0867   	60.5361   	60.4495   	60.4299   	0.406228  	0.252181  	0.143364  	0.148311  	0.138066  
12.655909	61.087    	60.5364   	60.4498   	60.4302   	0.40623   	0.252182  	0.143364  	0.148311  	0.138066  
12.655949	61.0873   	60.5368   	60.4501   	60.4305   	0.406233  	0.252183  	0.143365  	0.148312  	0.138067  
12.655990	61.0876   	60.5371   	60.4504   	60.4308   	0.406235  	0.252185  	0.143366  	0.148313  	0.138068  
12.656031	61.088    	60.5374   	60.4508   	60.4312   	0.406237  	0.252186  	0.143366  	0.148313  	0.138069  
12.656072	61.0883   	60.5377   	60.4511   	60.4315   	0.406239  	0.252187  	0.143367  	0.148314  	0.138069  
12.656113	61.0886   	60.538    	60.4514   	60.4318   	0.406242  	0.252188  	0.143368  	0.148315  	0.13807   
12.656153	61.089    	60.5384   	60.4517   	60.4321   	0.406244  	0.25219   	0.143369  	0.148315  	0.138071  
12.656194	61.0893   	60.5387   	60.4521   	60.4325   	0.406246  	0.252191  	0.143369  	0.148316  	0.138071  
12.656235	61.0896   	60.539    	60.4524   	60.4328   	0.406248  	0.252192  	0.14337   	0.148317  	0.138072  
12.656276	61.0899   	60.5393   	60.4527   	60.4331   	0.406251  	0.252193  	0.143371  	0.148318  	0.138073  
12.656317	61.0903   	60.5397   	60.453    	60.4334   	0.406253  	0.252195  	0.143371  	0.148318  	0.138073  
12.656358	61.0906   	60.54     	60.4533   	60.4337   	0.406255  	0.252196  	0.143372  	0.148319  	0.138074  
12.656398	61.0909   	60.5403   	60.4537   	60.4341   	0.406257  	0.252197  	0.143373  	0.14832   	0.138075  
12.656439	61.0913   	60.5406   	60.454    	60.4344   	0.40626   	0.252199  	0.143374  	0.14832   	0.138075  
12.656480	61.0916   	60.5409   	60.4543   	60.4347   	0.406262  	0.2522    	0.143374  	0.148321  	0.138076  
12.656521	61.0919   	60.5413   	60.4546   	60.435    	0.406264  	0.252201  	0.143375  	0.148322  	0.138077  
12.656562	61.0922   	60.5416   	60.455    	60.4354   	0.406266  	0.252202  	0.143376  	0.148322  	0.138078  
12.656602	61.0926   	60.5419   	60.4553   	60.4357   	0.406269  	0.252204  	0.143376  	0.148323  	0.138078  
12.656643	61.0929   	60.5422   	60.4556   	60.436    	0.406271  	0.252205  	0.143377  	0.148324  	0.138079  
12.656684	61.0932   	60.5425   	60.4559   	60.4363   	0.406273  	0.252206  	0.143378  	0.148324  	0.13808   
12.656725	61.0936   	60.5429   	60.4563   	60.4366   	0.406275  	0.252208  	0.143379  	0.148325  	0.13808   
12.656766	61.0939   	60.5432   	60.4566   	60.437    	0.406278  	0.252209  	0.143379  	0.148326  	0.138081  
12.656806	61.0942   	60.5435   	60.4569   	60.4373   	0.40628   	0.25221   	0.14338   	0.148326  	0.138082  
12.656847	61.0946   	60.5438   	60.4572   	60.4376   	0.406282  	0.252211  	0.143381  	0.148327  	0.138082  
12.656888	61.0949   	60.5442   	60.4575   	60.4379   	0.406284  	0.252213  	0.143381  	0.148328  	0.138083  
12.656929	61.0952   	60.5445   	60.4579   	60.4383   	0.406287  	0.252214  	0.143382  	0.148329  	0.138084  
12.656970	61.0955   	60.5448   	60.4582   	60.4386   	0.406289  	0.252215  	0.143383  	0.148329  	0.138085  
12.657010	61.0959   	60.5451   	60.4585   	60.4389   	0.406291  	0.252216  	0.143383  	0.14833   	0.138085  
12.657051	61.0962   	60.5454   	60.4588   	60.4392   	0.406293  	0.252218  	0.143384  	0.148331  	0.138086  
12.657092	61.0965   	60.5458   	60.4592   	60.4395   	0.406296  	0.252219  	0.143385  	0.148331  	0.138087  
12.657133	61.0969   	60.5461   	60.4595   	60.4399   	0.406298  	0.25222   	0.143386  	0.148332  	0.138087  
12.657174	61.0972   	60.5464   	60.4598   	60.4402   	0.4063    	0.252222  	0.143386  	0.148333  	0.138088  
12.657215	61.0975   	60.5467   	60.4601   	60.4405   	0.406302  	0.252223  	0.143387  	0.148333  	0.138089  
12.657255	61.0978   	60.547    	60.4604   	60.4408   	0.406305  	0.252224  	0.143388  	0.148334  	0.138089  
12.657296	61.0982   	60.5474   	60.4608   	60.4411   	0.406307  	0.252225  	0.143388  	0.148335  	0.13809   
12.657337	61.0985   	60.5477   	60.4611   	60.4415   	0.406309  	0.252227  	0.143389  	0.148335  	0.138091  
12.657378	61.0988   	60.548    	60.4614   	60.4418   	0.406311  	0.252228  	0.14339   	0.148336  	0.138091  
12.657419	61.0992   	60.5483   	60.4617   	60.4421   	0.406313  	0.252229  	0.143391  	0.148337  	0.138092  
12.657459	61.0995   	60.5487   	60.4621   	60.4424   	0.406316  	0.25223   	0.143391  	0.148337  	0.138093  
12.657500	61.0998   	60.549    	60.4624   	60.4428   	0.406318  	0.252232  	0.143392  	0.148338  	0.138094  
12.657541	61.1001   	60.5493   	60.4627   	60.4431   	0.40632   	0.252233  	0.143393  	0.148339  	0.138094  
12.657582	61.1005   	60.5496   	60.463    	60.4434   	0.406322  	0.252234  	0.143393  	0.14834   	0.138095  
12.657623	61.1008   	60.5499   	60.4633   	60.4437   	0.406325  	0.252236  	0.143394  	0.14834   	0.138096  
12.657663	61.1011   	60.5503   	60.4637   	60.444    	0.406327  	0.252237  	0.143395  	0.148341  	0.138096  
12.657704	61.1015   	60.5506   	60.464    	60.4444   	0.406329  	0.252238  	0.143396  	0.148342  	0.138097  
12.657745	61.1018   	60.5509   	60.4643   	60.4447   	0.406331  	0.252239  	0.143396  	0.148342  	0.138098  
12.657786	61.1021   	60.5512   	60.4646   	60.445    	0.406334  	0.252241  	0.143397  	0.148343  	0.138098  
12.657827	61.1024   	60.5515   	60.465    	60.4453   	0.406336  	0.252242  	0.143398  	0.148344  	0.138099  
12.657867	61.1028   	60.5519   	60.4653   	60.4457   	0.406338  	0.252243  	0.143398  	0.148344  	0.1381    
12.657908	61.1031   	60.5522   	60.4656   	60.446    	0.40634   	0.252245  	0.143399  	0.148345  	0.1381    
12.657949	61.1034   	60.5525   	60.4659   	60.4463   	0.406343  	0.252246  	0.1434    	0.148346  	0.138101  
12.657990	61.1038   	60.5528   	60.4662   	60.4466   	0.406345  	0.252247  	0.143401  	0.148346  	0.138102  
12.658031	61.1041   	60.5531   	60.4666   	60.4469   	0.406347  	0.252248  	0.143401  	0.148347  	0.138103  
12.658072	61.1044   	60.5535   	60.4669   	60.4473   	0.406349  	0.25225   	0.143402  	0.148348  	0.138103  
12.658112	61.1047   	60.5538   	60.4672   	60.4476   	0.406352  	0.252251  	0.143403  	0.148348  	0.138104  
12.658153	61.1051   	60.5541   	60.4675   	60.4479   	0.406354  	0.252252  	0.143403  	0.148349  	0.138105  
12.658194	61.1054   	60.5544   	60.4679   	60.4482   	0.406356  	0.252253  	0.143404  	0.14835   	0.138105  
12.658235	61.1057   	60.5548   	60.4682   	60.4486   	0.406358  	0.252255  	0.143405  	0.14835   	0.138106  
12.658276	61.1061   	60.5551   	60.4685   	60.4489   	0.406361  	0.252256  	0.143406  	0.148351  	0.138107  
12.658316	61.1064   	60.5554   	60.4688   	60.4492   	0.406363  	0.252257  	0.143406  	0.148352  	0.138107  
12.658357	61.1067   	60.5557   	60.4691   	60.4495   	0.406365  	0.252259  	0.143407  	0.148353  	0.138108  
12.658398	61.1071   	60.556    	60.4695   	60.4498   	0.406367  	0.25226   	0.143408  	0.148353  	0.138109  
12.658439	61.1074   	60.5564   	60.4698   	60.4502   	0.40637   	0.252261  	0.143408  	0.148354  	0.138109  
12.658480	61.1077   	60.5567   	60.4701   	60.4505   	0.406372  	0.252262  	0.143409  	0.148355  	0.13811   
12.658520	61.108    	60.557    	60.4704   	60.4508   	0.406374  	0.252264  	0.14341   	0.148355  	0.138111  
12.658561	61.1084   	60.5573   	60.4708   	60.4511   	0.406376  	0.252265  	0.143411  	0.148356  	0.138112  
12.658602	61.1087   	60.5576   	60.4711   	60.4515   	0.406379  	0.252266  	0.143411  	0.148357  	0.138112  
12.658643	61.109    	60.558    	60.4714   	60.4518   	0.406381  	0.252267  	0.143412  	0.148357  	0.138113  
12.658684	61.1094   	60.5583   	60.4717   	60.4521   	0.406383  	0.252269  	0.143413  	0.148358  	0.138114  
12.658724	61.1097   	60.5586   	60.4721   	60.4524   	0.406385  	0.25227   	0.143413  	0.148359  	0.138114  
12.658765	61.11     	60.5589   	60.4724   	60.4527   	0.406388  	0.252271  	0.143414  	0.148359  	0.138115  
12.658806	61.1103   	60.5593   	60.4727   	60.4531   	0.40639   	0.252273  	0.143415  	0.14836   	0.138116  
12.658847	61.1107   	60.5596   	60.473    	60.4534   	0.406392  	0.252274  	0.143416  	0.148361  	0.138116  
12.658888	61.111    	60.5599   	60.4733   	60.4537   	0.406394  	0.252275  	0.143416  	0.148361  	0.138117  
12.658929	61.1113   	60.5602   	60.4737   	60.454    	0.406397  	0.252276  	0.143417  	0.148362  	0.138118  
12.658969	61.1117   	60.5605   	60.474    	60.4543   	0.406399  	0.252278  	0.143418  	0.148363  	0.138118  
12.659010	61.112    	60.5609   	60.4743   	60.4547   	0.406401  	0.252279  	0.143418  	0.148364  	0.138119  
12.659051	61.1123   	60.5612   	60.4746   	60.455    	0.406403  	0.25228   	0.143419  	0.148364  	0.13812   
12.659092	61.1126   	60.5615   	60.475    	60.4553   	0.406406  	0.252282  	0.14342   	0.148365  	0.138121  
12.659133	61.113    	60.5618   	60.4753   	60.4556   	0.406408  	0.252283  	0.14342   	0.148366  	0.138121  
12.659173	61.1133   	60.5621   	60.4756   	60.456    	0.40641   	0.252284  	0.143421  	0.148366  	0.138122  
12.659214	61.1136   	60.5625   	60.4759   	60.4563   	0.406412  	0.252285  	0.143422  	0.148367  	0.138123  
12.659255	61.114    	60.5628   	60.4762   	60.4566   	0.406414  	0.252287  	0.143423  	0.148368  	0.138123  
12.659296	61.1143   	60.5631   	60.4766   	60.4569   	0.406417  	0.252288  	0.143423  	0.148368  	0.138124  
12.659337	61.1146   	60.5634   	60.4769   	60.4572   	0.406419  	0.252289  	0.143424  	0.148369  	0.138125  
12.659377	61.1149   	60.5638   	60.4772   	60.4576   	0.406421  	0.25229   	0.143425  	0.14837   	0.138125  
12.659418	61.1153   	60.5641   	60.4775   	60.4579   	0.406423  	0.252292  	0.143425  	0.14837   	0.138126  
12.659459	61.1156   	60.5644   	60.4779   	60.4582   	0.406426  	0.252293  	0.143426  	0.148371  	0.138127  
12.659500	61.1159   	60.5647   	60.4782   	60.4585   	0.406428  	0.252294  	0.143427  	0.148372  	0.138127  
12.659541	61.1163   	60.565    	60.4785   	60.4589   	0.40643   	0.252296  	0.143428  	0.148372  	0.138128  
12.659581	61.1166   	60.5654   	60.4788   	60.4592   	0.406432  	0.252297  	0.143428  	0.148373  	0.138129  
12.659622	61.1169   	60.5657   	60.4791   	60.4595   	0.406435  	0.252298  	0.143429  	0.148374  	0.13813   
12.659663	61.1173   	60.566    	60.4795   	60.4598   	0.406437  	0.252299  	0.14343   	0.148375  	0.13813   
12.659704	61.1176   	60.5663   	60.4798   	60.4601   	0.406439  	0.252301  	0.14343   	0.148375  	0.138131  
12.659745	61.1179   	60.5666   	60.4801   	60.4605   	0.406441  	0.252302  	0.143431  	0.148376  	0.138132  
12.659786	61.1182   	60.567    	60.4804   	60.4608   	0.406444  	0.252303  	0.143432  	0.148377  	0.138132  
12.659826	61.1186   	60.5673   	60.4808   	60.4611   	0.406446  	0.252304  	0.143433  	0.148377  	0.138133  
12.659867	61.1189   	60.5676   	60.4811   	60.4614   	0.406448  	0.252306  	0.143433  	0.148378  	0.138134  
12.659908	61.1192   	60.5679   	60.4814   	60.4618   	0.40645   	0.252307  	0.143434  	0.148379  	0.138134  
12.659949	61.1196   	60.5683   	60.4817   	60.4621   	0.406453  	0.252308  	0.143435  	0.148379  	0.138135  
12.659990	61.1199   	60.5686   	60.482    	60.4624   	0.406455  	0.25231   	0.143435  	0.14838   	0.138136  
12.660030	61.1202   	60.5689   	60.4824   	60.4627   	0.406457  	0.252311  	0.143436  	0.148381  	0.138137  
12.660071	61.1205   	60.5692   	60.4827   	60.463    	0.406459  	0.252312  	0.143437  	0.148381  	0.138137  
12.660112	61.1209   	60.5695   	60.483    	60.4634   	0.406462  	0.252313  	0.143438  	0.148382  	0.138138  
12.660153	61.1212   	60.5699   	60.4833   	60.4637   	0.406464  	0.252315  	0.143438  	0.148383  	0.138139  
12.660194	61.1215   	60.5702   	60.4837   	60.464    	0.406466  	0.252316  	0.143439  	0.148383  	0.138139  
12.660234	61.1219   	60.5705   	60.484    	60.4643   	0.406468  	0.252317  	0.14344   	0.148384  	0.13814   
12.660275	61.1222   	60.5708   	60.4843   	60.4647   	0.406471  	0.252319  	0.14344   	0.148385  	0.138141  
12.660316	61.1225   	60.5711   	60.4846   	60.465    	0.406473  	0.25232   	0.143441  	0.148386  	0.138141  
12.660357	61.1228   	60.5715   	60.4849   	60.4653   	0.406475  	0.252321  	0.143442  	0.148386  	0.138142  
12.660398	61.1232   	60.5718   	60.4853   	60.4656   	0.406477  	0.252322  	0.143443  	0.148387  	0.138143  
12.660438	61.1235   	60.5721   	60.4856   	60.4659   	0.40648   	0.252324  	0.143443  	0.148388  	0.138143  
12.660479	61.1238   	60.5724   	60.4859   	60.4663   	0.406482  	0.252325  	0.143444  	0.148388  	0.138144  
12.660520	61.1242   	60.5728   	60.4862   	60.4666   	0.406484  	0.252326  	0.143445  	0.148389  	0.138145  
12.660561	61.1245   	60.5731   	60.4866   	60.4669   	0.406486  	0.252327  	0.143445  	0.14839   	0.138146  
12.660602	61.1248   	60.5734   	60.4869   	60.4672   	0.406489  	0.252329  	0.143446  	0.14839   	0.138146  
12.660642	61.1251   	60.5737   	60.4872   	60.4675   	0.406491  	0.25233   	0.143447  	0.148391  	0.138147  
12.660683	61.1255   	60.574    	60.4875   	60.4679   	0.406493  	0.252331  	0.143448  	0.148392  	0.138148  
12.660724	61.1258   	60.5744   	60.4879   	60.4682   	0.406495  	0.252333  	0.143448  	0.148392  	0.138148  
12.660765	61.1261   	60.5747   	60.4882   	60.4685   	0.406498  	0.252334  	0.143449  	0.148393  	0.138149  
12.660806	61.1265   	60.575    	60.4885   	60.4688   	0.4065    	0.252335  	0.14345   	0.148394  	0.13815   
12.660847	61.1268   	60.5753   	60.4888   	60.4692   	0.406502  	0.252336  	0.14345   	0.148394  	0.13815   
12.660887	61.1271   	60.5756   	60.4891   	60.4695   	0.406504  	0.252338  	0.143451  	0.148395  	0.138151  
12.660928	61.1275   	60.576    	60.4895   	60.4698   	0.406507  	0.252339  	0.143452  	0.148396  	0.138152  
12.660969	61.1278   	60.5763   	60.4898   	60.4701   	0.406509  	0.25234   	0.143452  	0.148396  	0.138152  
12.661010	61.1281   	60.5766   	60.4901   	60.4704   	0.406511  	0.252341  	0.143453  	0.148397  	0.138153  
12.661051	61.1284   	60.5769   	60.4904   	60.4708   	0.406513  	0.252343  	0.143454  	0.148398  	0.138154  
12.661091	61.1288   	60.5773   	60.4908   	60.4711   	0.406516  	0.252344  	0.143455  	0.148399  	0.138155  
12.661132	61.1291   	60.5776   	60.4911   	60.4714   	0.406518  	0.252345  	0.143455  	0.148399  	0.138155  
12.661173	61.1294   	60.5779   	60.4914   	60.4717   	0.40652   	0.252347  	0.143456  	0.1484    	0.138156  
12.661214	61.1298   	60.5782   	60.4917   	60.4721   	0.406522  	0.252348  	0.143457  	0.148401  	0.138157  
12.661255	61.1301   	60.5785   	60.492    	60.4724   	0.406524  	0.252349  	0.143457  	0.148401  	0.138157  
12.661295	61.1304   	60.5789   	60.4924   	60.4727   	0.406527  	0.25235   	0.143458  	0.148402  	0.138158  
12.661336	61.1307   	60.5792   	60.4927   	60.473    	0.406529  	0.252352  	0.143459  	0.148403  	0.138159  
12.661377	61.1311   	60.5795   	60.493    	60.4733   	0.406531  	0.252353  	0.14346   	0.148403  	0.138159  
12.661418	61.1314   	60.5798   	60.4933   	60.4737   	0.406533  	0.252354  	0.14346   	0.148404  	0.13816   
12.661459	61.1317   	60.5801   	60.4937   	60.474    	0.406536  	0.252356  	0.143461  	0.148405  	0.138161  
12.661499	61.1321   	60.5805   	60.494    	60.4743   	0.406538  	0.252357  	0.143462  	0.148405  	0.138161  
12.661540	61.1324   	60.5808   	60.4943   	60.4746   	0.40654   	0.252358  	0.143462  	0.148406  	0.138162  
12.661581	61.1327   	60.5811   	60.4946   	60.475    	0.406542  	0.252359  	0.143463  	0.148407  	0.138163  
12.661622	61.133    	60.5814   	60.4949   	60.4753   	0.406545  	0.252361  	0.143464  	0.148407  	0.138164  
12.661663	61.1334   	60.5817   	60.4953   	60.4756   	0.406547  	0.252362  	0.143465  	0.148408  	0.138164  
12.661704	61.1337   	60.5821   	60.4956   	60.4759   	0.406549  	0.252363  	0.143465  	0.148409  	0.138165  
12.661744	61.134    	60.5824   	60.4959   	60.4762   	0.406551  	0.252364  	0.143466  	0.14841   	0.138166  
12.661785	61.1344   	60.5827   	60.4962   	60.4766   	0.406554  	0.252366  	0.143467  	0.14841   	0.138166  
12.661826	61.1347   	60.583    	60.4966   	60.4769   	0.406556  	0.252367  	0.143467  	0.148411  	0.138167  
12.661867	61.135    	60.5834   	60.4969   	60.4772   	0.406558  	0.252368  	0.143468  	0.148412  	0.138168  
12.661908	61.1353   	60.5837   	60.4972   	60.4775   	0.40656   	0.25237   	0.143469  	0.148412  	0.138168  
12.661948	61.1357   	60.584    	60.4975   	60.4778   	0.406563  	0.252371  	0.14347   	0.148413  	0.138169  
12.661989	61.136    	60.5843   	60.4978   	60.4782   	0.406565  	0.252372  	0.14347   	0.148414  	0.13817   
12.662030	61.1363   	60.5846   	60.4982   	60.4785   	0.406567  	0.252373  	0.143471  	0.148414  	0.13817   
12.662071	61.1367   	60.585    	60.4985   	60.4788   	0.406569  	0.252375  	0.143472  	0.148415  	0.138171  
12.662112	61.137    	60.5853   	60.4988   	60.4791   	0.406572  	0.252376  	0.143472  	0.148416  	0.138172  
12.662152	61.1373   	60.5856   	60.4991   	60.4795   	0.406574  	0.252377  	0.143473  	0.148416  	0.138173  
12.662193	61.1377   	60.5859   	60.4995   	60.4798   	0.406576  	0.252378  	0.143474  	0.148417  	0.138173  
12.662234	61.138    	60.5862   	60.4998   	60.4801   	0.406578  	0.25238   	0.143475  	0.148418  	0.138174  
12.662275	61.1383   	60.5866   	60.5001   	60.4804   	0.406581  	0.252381  	0.143475  	0.148418  	0.138175  
12.662316	61.1386   	60.5869   	60.5004   	60.4807   	0.406583  	0.252382  	0.143476  	0.148419  	0.138175  
12.662356	61.139    	60.5872   	60.5007   	60.4811   	0.406585  	0.252384  	0.143477  	0.14842   	0.138176  
12.662397	61.1393   	60.5875   	60.5011   	60.4814   	0.406587  	0.252385  	0.143477  	0.148421  	0.138177  
12.662438	61.1396   	60.5879   	60.5014   	60.4817   	0.40659   	0.252386  	0.143478  	0.148421  	0.138177  
12.662479	61.14     	60.5882   	60.5017   	60.482    	0.406592  	0.252387  	0.143479  	0.148422  	0.138178  
12.662520	61.1403   	60.5885   	60.502    	60.4824   	0.406594  	0.252389  	0.14348   	0.148423  	0.138179  
12.662561	61.1406   	60.5888   	60.5024   	60.4827   	0.406596  	0.25239   	0.14348   	0.148423  	0.138179  
12.662601	61.1409   	60.5891   	60.5027   	60.483    	0.406599  	0.252391  	0.143481  	0.148424  	0.13818   
12.662642	61.1413   	60.5895   	60.503    	60.4833   	0.406601  	0.252393  	0.143482  	0.148425  	0.138181  
12.662683	61.1416   	60.5898   	60.5033   	60.4836   	0.406603  	0.252394  	0.143482  	0.148425  	0.138182  
12.662724	61.1419   	60.5901   	60.5037   	60.484    	0.406605  	0.252395  	0.143483  	0.148426  	0.138182  
12.662765	61.1423   	60.5904   	60.504    	60.4843   	0.406608  	0.252396  	0.143484  	0.148427  	0.138183  
12.662805	61.1426   	60.5907   	60.5043   	60.4846   	0.40661   	0.252398  	0.143484  	0.148427  	0.138184  
12.662846	61.1429   	60.5911   	60.5046   	60.4849   	0.406612  	0.252399  	0.143485  	0.148428  	0.138184  
12.662887	61.1432   	60.5914   	60.5049   	60.4853   	0.406614  	0.2524    	0.143486  	0.148429  	0.138185  
12.662928	61.1436   	60.5917   	60.5053   	60.4856   	0.406617  	0.252401  	0.143487  	0.148429  	0.138186  
12.662969	61.1439   	60.592    	60.5056   	60.4859   	0.406619  	0.252403  	0.143487  	0.14843   	0.138186  
12.663009	61.1442   	60.5924   	60.5059   	60.4862   	0.406621  	0.252404  	0.143488  	0.148431  	0.138187  
12.663050	61.1446   	60.5927   	60.5062   	60.4865   	0.406623  	0.252405  	0.143489  	0.148432  	0.138188  
12.663091	61.1449   	60.593    	60.5066   	60.4869   	0.406626  	0.252407  	0.143489  	0.148432  	0.138189  
12.663132	61.1452   	60.5933   	60.5069   	60.4872   	0.406628  	0.252408  	0.14349   	0.148433  	0.138189  
12.663173	61.1455   	60.5936   	60.5072   	60.4875   	0.40663   	0.252409  	0.143491  	0.148434  	0.13819   
12.663213	61.1459   	60.594    	60.5075   	60.4878   	0.406632  	0.25241   	0.143492  	0.148434  	0.138191  
12.663254	61.1462   	60.5943   	60.5078   	60.4882   	0.406634  	0.252412  	0.143492  	0.148435  	0.138191  
12.663295	61.1465   	60.5946   	60.5082   	60.4885   	0.406637  	0.252413  	0.143493  	0.148436  	0.138192  
12.663336	61.1469   	60.5949   	60.5085   	60.4888   	0.406639  	0.252414  	0.143494  	0.148436  	0.138193  
12.663377	61.1472   	60.5952   	60.5088   	60.4891   	0.406641  	0.252416  	0.143494  	0.148437  	0.138193  
12.663418	61.1475   	60.5956   	60.5091   	60.4894   	0.406643  	0.252417  	0.143495  	0.148438  	0.138194  
12.663458	61.1478   	60.5959   	60.5095   	60.4898   	0.406646  	0.252418  	0.143496  	0.148438  	0.138195  
12.663499	61.1482   	60.5962   	60.5098   	60.4901   	0.406648  	0.252419  	0.143497  	0.148439  	0.138195  
12.663540	61.1485   	60.5965   	60.5101   	60.4904   	0.40665   	0.252421  	0.143497  	0.14844   	0.138196  
12.663581	61.1488   	60.5969   	60.5104   	60.4907   	0.406652  	0.252422  	0.143498  	0.14844   	0.138197  
12.663622	61.1492   	60.5972   	60.5107   	60.491    	0.406655  	0.252423  	0.143499  	0.148441  	0.138198  
12.663662	61.1495   	60.5975   	60.5111   	60.4914   	0.406657  	0.252424  	0.143499  	0.148442  	0.138198  
12.663703	61.1498   	60.5978   	60.5114   	60.4917   	0.406659  	0.252426  	0.1435    	0.148443  	0.138199  
12.663744	61.1502   	60.5981   	60.5117   	60.492    	0.406661  	0.252427  	0.143501  	0.148443  	0.1382    
12.663785	61.1505   	60.5985   	60.512    	60.4923   	0.406664  	0.252428  	0.143502  	0.148444  	0.1382    
12.663826	61.1508   	60.5988   	60.5124   	60.4927   	0.406666  	0.25243   	0.143502  	0.148445  	0.138201  
12.663866	61.1511   	60.5991   	60.5127   	60.493    	0.406668  	0.252431  	0.143503  	0.148445  	0.138202  
12.663907	61.1515   	60.5994   	60.513    	60.4933   	0.40667   	0.252432  	0.143504  	0.148446  	0.138202  
12.663948	61.1518   	60.5997   	60.5133   	60.4936   	0.406673  	0.252433  	0.143504  	0.148447  	0.138203  
12.663989	61.1521   	60.6001   	60.5136   	60.4939   	0.406675  	0.252435  	0.143505  	0.148447  	0.138204  
12.664030	61.1525   	60.6004   	60.514    	60.4943   	0.406677  	0.252436  	0.143506  	0.148448  	0.138204  
12.664070	61.1528   	60.6007   	60.5143   	60.4946   	0.406679  	0.252437  	0.143507  	0.148449  	0.138205  
12.664111	61.1531   	60.601    	60.5146   	60.4949   	0.406682  	0.252438  	0.143507  	0.148449  	0.138206  
12.664152	61.1534   	60.6014   	60.5149   	60.4952   	0.406684  	0.25244   	0.143508  	0.14845   	0.138207  
12.664193	61.1538   	60.6017   	60.5153   	60.4956   	0.406686  	0.252441  	0.143509  	0.148451  	0.138207  
12.664234	61.1541   	60.602    	60.5156   	60.4959   	0.406688  	0.252442  	0.143509  	0.148451  	0.138208  
12.664275	61.1544   	60.6023   	60.5159   	60.4962   	0.406691  	0.252444  	0.14351   	0.148452  	0.138209  
12.664315	61.1548   	60.6026   	60.5162   	60.4965   	0.406693  	0.252445  	0.143511  	0.148453  	0.138209  
12.664356	61.1551   	60.603    	60.5166   	60.4968   	0.406695  	0.252446  	0.143512  	0.148453  	0.13821   
12.664397	61.1554   	60.6033   	60.5169   	60.4972   	0.406697  	0.252447  	0.143512  	0.148454  	0.138211  
12.664438	61.1557   	60.6036   	60.5172   	60.4975   	0.4067    	0.252449  	0.143513  	0.148455  	0.138211  
12.664479	61.1561   	60.6039   	60.5175   	60.4978   	0.406702  	0.25245   	0.143514  	0.148456  	0.138212  
12.664519	61.1564   	60.6042   	60.5178   	60.4981   	0.406704  	0.252451  	0.143514  	0.148456  	0.138213  
12.664560	61.1567   	60.6046   	60.5182   	60.4985   	0.406706  	0.252453  	0.143515  	0.148457  	0.138213  
12.664601	61.1571   	60.6049   	60.5185   	60.4988   	0.406709  	0.252454  	0.143516  	0.148458  	0.138214  
12.664642	61.1574   	60.6052   	60.5188   	60.4991   	0.406711  	0.252455  	0.143516  	0.148458  	0.138215  
12.664683	61.1577   	60.6055   	60.5191   	60.4994   	0.406713  	0.252456  	0.143517  	0.148459  	0.138216  
12.664723	61.158    	60.6058   	60.5195   	60.4997   	0.406715  	0.252458  	0.143518  	0.14846   	0.138216  
12.664764	61.1584   	60.6062   	60.5198   	60.5001   	0.406718  	0.252459  	0.143519  	0.14846   	0.138217