Energy (MeV/u)	0 - [He-base] F.Hubert et al, AD&ND Tables 46(1990)1	1 - [H -base] J.F.Ziegler et al, Pergamon Press, NY (low energy)	2 - ATIMA 1.2  LS-theory (recommended for high energy)	3 - ATIMA 1.2  without LS-correction	4 - Range straggling - method [0] - LISE	5 - Range straggling - method [1] - Atima	6 - Lateral range - method [0] - LISE	7 - Lateral range - method [1] - Atima	8 - Lateral range - method [2] - PDG
0.002109	0.106906  	0.100604  	0.0844665 	0.0844665 	0.00543529	0.00543529	0.000288189	0.000466197	0.000208591
0.002111	0.106986  	0.100675  	0.0845295 	0.0845295 	0.00543579	0.00543579	0.000288561	0.000466779	0.000208871
0.002113	0.107067  	0.100747  	0.0845924 	0.0845924 	0.00543629	0.00543629	0.000288932	0.000467361	0.000209151
0.002115	0.107147  	0.100819  	0.0846554 	0.0846554 	0.00543678	0.00543678	0.000289304	0.000467943	0.000209431
0.002118	0.107227  	0.100891  	0.0847183 	0.0847183 	0.00543728	0.00543728	0.000289675	0.000468524	0.000209711
0.002120	0.107308  	0.100962  	0.0847813 	0.0847813 	0.00543777	0.00543777	0.000290047	0.000469106	0.000209991
0.002122	0.107388  	0.101034  	0.0848442 	0.0848442 	0.00543827	0.00543827	0.000290418	0.000469688	0.000210271
0.002124	0.107468  	0.101106  	0.0849071 	0.0849071 	0.00543877	0.00543877	0.00029079	0.00047027	0.000210551
0.002126	0.107549  	0.101177  	0.0849701 	0.0849701 	0.00543926	0.00543926	0.000291161	0.000470852	0.000210831
0.002128	0.107629  	0.101249  	0.085033  	0.085033  	0.00543976	0.00543976	0.000291533	0.000471434	0.000211111
0.002131	0.107709  	0.101321  	0.085096  	0.085096  	0.00544025	0.00544025	0.000291904	0.000472016	0.000211391
0.002133	0.10779   	0.101392  	0.0851589 	0.0851589 	0.00544075	0.00544075	0.000292276	0.000472598	0.000211671
0.002135	0.10787   	0.101464  	0.0852219 	0.0852219 	0.00544125	0.00544125	0.000292647	0.00047318	0.000211951
0.002137	0.107951  	0.101536  	0.0852848 	0.0852848 	0.00544174	0.00544174	0.000293019	0.000473761	0.000212231
0.002139	0.108031  	0.101608  	0.0853477 	0.0853477 	0.00544224	0.00544224	0.00029339	0.000474343	0.000212511
0.002141	0.108111  	0.101679  	0.0854107 	0.0854107 	0.00544273	0.00544273	0.000293762	0.000474925	0.000212791
0.002144	0.108192  	0.101751  	0.0854736 	0.0854736 	0.00544323	0.00544323	0.000294133	0.000475507	0.000213071
0.002146	0.108272  	0.101823  	0.0855366 	0.0855366 	0.00544373	0.00544373	0.000294505	0.000476089	0.000213351
0.002148	0.108352  	0.101894  	0.0855995 	0.0855995 	0.00544422	0.00544422	0.000294876	0.000476671	0.000213631
0.002150	0.108433  	0.101966  	0.0856625 	0.0856625 	0.00544472	0.00544472	0.000295248	0.000477253	0.000213911
0.002152	0.108513  	0.102038  	0.0857254 	0.0857254 	0.00544521	0.00544521	0.000295619	0.000477835	0.000214191
0.002154	0.108594  	0.102109  	0.0857884 	0.0857884 	0.00544571	0.00544571	0.000295991	0.000478417	0.000214471
0.002156	0.108674  	0.102181  	0.0858513 	0.0858513 	0.00544621	0.00544621	0.000296362	0.000478998	0.000214751
0.002159	0.108754  	0.102253  	0.0859142 	0.0859142 	0.0054467 	0.0054467 	0.000296734	0.00047958	0.000215031
0.002161	0.108835  	0.102325  	0.0859772 	0.0859772 	0.0054472 	0.0054472 	0.000297105	0.000480162	0.000215311
0.002163	0.108915  	0.102396  	0.0860401 	0.0860401 	0.0054477 	0.0054477 	0.000297477	0.000480744	0.000215591
0.002165	0.108995  	0.102468  	0.0861031 	0.0861031 	0.00544819	0.00544819	0.000297848	0.000481326	0.000215871
0.002167	0.109076  	0.10254   	0.086166  	0.086166  	0.00544869	0.00544869	0.00029822	0.000481908	0.000216151
0.002169	0.109156  	0.102611  	0.086229  	0.086229  	0.00544918	0.00544918	0.000298591	0.00048249	0.000216431
0.002172	0.109237  	0.102683  	0.0862919 	0.0862919 	0.00544968	0.00544968	0.000298963	0.000483072	0.000216711
0.002174	0.109317  	0.102755  	0.0863549 	0.0863549 	0.00545018	0.00545018	0.000299334	0.000483654	0.000216991
0.002176	0.109397  	0.102826  	0.0864178 	0.0864178 	0.00545067	0.00545067	0.000299706	0.000484235	0.000217271
0.002178	0.109478  	0.102898  	0.0864807 	0.0864807 	0.00545117	0.00545117	0.000300077	0.000484817	0.000217551
0.002180	0.109558  	0.10297   	0.0865437 	0.0865437 	0.00545166	0.00545166	0.000300449	0.000485399	0.000217831
0.002182	0.109638  	0.103042  	0.0866066 	0.0866066 	0.00545216	0.00545216	0.00030082	0.000485981	0.000218111
0.002185	0.109719  	0.103113  	0.0866696 	0.0866696 	0.00545266	0.00545266	0.000301192	0.000486563	0.000218391
0.002187	0.109799  	0.103185  	0.0867325 	0.0867325 	0.00545315	0.00545315	0.000301563	0.000487145	0.000218671
0.002189	0.109879  	0.103257  	0.0867955 	0.0867955 	0.00545365	0.00545365	0.000301935	0.000487727	0.000218951
0.002191	0.10996   	0.103328  	0.0868584 	0.0868584 	0.00545414	0.00545414	0.000302306	0.000488309	0.000219231
0.002193	0.11004   	0.1034    	0.0869213 	0.0869213 	0.00545464	0.00545464	0.000302678	0.000488891	0.000219511
0.002195	0.110121  	0.103472  	0.0869843 	0.0869843 	0.00545514	0.00545514	0.000303049	0.000489472	0.000219791
0.002198	0.110201  	0.103543  	0.0870472 	0.0870472 	0.00545563	0.00545563	0.000303421	0.000490054	0.000220071
0.002200	0.110281  	0.103615  	0.0871102 	0.0871102 	0.00545613	0.00545613	0.000303792	0.000490636	0.000220351
0.002202	0.110362  	0.103687  	0.0871731 	0.0871731 	0.00545662	0.00545662	0.000304164	0.000491218	0.000220631
0.002204	0.110442  	0.103759  	0.0872361 	0.0872361 	0.00545712	0.00545712	0.000304535	0.0004918 	0.000220911
0.002206	0.110522  	0.10383   	0.087299  	0.087299  	0.00545762	0.00545762	0.000304907	0.000492382	0.000221191
0.002208	0.110603  	0.103902  	0.087362  	0.087362  	0.00545811	0.00545811	0.000305278	0.000492964	0.000221471
0.002211	0.110683  	0.103974  	0.0874249 	0.0874249 	0.00545861	0.00545861	0.00030565	0.000493546	0.000221751
0.002213	0.110764  	0.104045  	0.0874878 	0.0874878 	0.00545911	0.00545911	0.000306021	0.000494128	0.000222031
0.002215	0.110844  	0.104117  	0.0875508 	0.0875508 	0.0054596 	0.0054596 	0.000306393	0.000494709	0.000222311
0.002217	0.110924  	0.104189  	0.0876137 	0.0876137 	0.0054601 	0.0054601 	0.000306764	0.000495291	0.000222591
0.002219	0.111005  	0.10426   	0.0876767 	0.0876767 	0.00546059	0.00546059	0.000307136	0.000495873	0.000222871
0.002221	0.111085  	0.104332  	0.0877396 	0.0877396 	0.00546109	0.00546109	0.000307507	0.000496455	0.000223151
0.002224	0.111165  	0.104404  	0.0878026 	0.0878026 	0.00546159	0.00546159	0.000307879	0.000497037	0.000223431
0.002226	0.111246  	0.104475  	0.0878655 	0.0878655 	0.00546208	0.00546208	0.00030825	0.000497619	0.000223711
0.002228	0.111326  	0.104547  	0.0879284 	0.0879284 	0.00546258	0.00546258	0.000308622	0.000498201	0.000223991
0.002230	0.111407  	0.104619  	0.0879914 	0.0879914 	0.00546307	0.00546307	0.000308993	0.000498783	0.000224271
0.002232	0.111487  	0.104691  	0.0880543 	0.0880543 	0.00546357	0.00546357	0.000309365	0.000499365	0.000224551
0.002234	0.111567  	0.104762  	0.0881173 	0.0881173 	0.00546407	0.00546407	0.000309736	0.000499946	0.000224831
0.002237	0.111648  	0.104834  	0.0881802 	0.0881802 	0.00546456	0.00546456	0.000310108	0.000500528	0.000225111
0.002239	0.111728  	0.104906  	0.0882432 	0.0882432 	0.00546506	0.00546506	0.000310479	0.00050111	0.000225391
0.002241	0.111808  	0.104977  	0.0883061 	0.0883061 	0.00546555	0.00546555	0.000310851	0.000501692	0.000225671
0.002243	0.111889  	0.105049  	0.0883691 	0.0883691 	0.00546605	0.00546605	0.000311222	0.000502274	0.000225951
0.002245	0.111969  	0.105121  	0.088432  	0.088432  	0.00546655	0.00546655	0.000311594	0.000502856	0.000226231
0.002247	0.112049  	0.105192  	0.0884949 	0.0884949 	0.00546704	0.00546704	0.000311965	0.000503438	0.000226511
0.002249	0.11213   	0.105264  	0.0885579 	0.0885579 	0.00546754	0.00546754	0.000312337	0.00050402	0.000226791
0.002252	0.11221   	0.105336  	0.0886208 	0.0886208 	0.00546803	0.00546803	0.000312708	0.000504602	0.000227071
0.002254	0.112291  	0.105408  	0.0886838 	0.0886838 	0.00546853	0.00546853	0.00031308	0.000505183	0.000227351
0.002256	0.112371  	0.105479  	0.0887467 	0.0887467 	0.00546903	0.00546903	0.000313451	0.000505765	0.000227631
0.002258	0.112451  	0.105551  	0.0888097 	0.0888097 	0.00546952	0.00546952	0.000313822	0.000506347	0.000227911
0.002260	0.112532  	0.105623  	0.0888726 	0.0888726 	0.00547002	0.00547002	0.000314194	0.000506929	0.000228191
0.002262	0.112612  	0.105694  	0.0889356 	0.0889356 	0.00547051	0.00547051	0.000314565	0.000507511	0.000228471
0.002265	0.112692  	0.105766  	0.0889985 	0.0889985 	0.00547101	0.00547101	0.000314937	0.000508093	0.000228751
0.002267	0.112773  	0.105838  	0.0890614 	0.0890614 	0.00547151	0.00547151	0.000315308	0.000508675	0.000229031
0.002269	0.112853  	0.105909  	0.0891244 	0.0891244 	0.005472  	0.005472  	0.00031568	0.000509257	0.000229311
0.002271	0.112934  	0.105981  	0.0891873 	0.0891873 	0.0054725 	0.0054725 	0.000316051	0.000509839	0.000229591
0.002273	0.113014  	0.106053  	0.0892503 	0.0892503 	0.005473  	0.005473  	0.000316423	0.00051042	0.000229871
0.002275	0.113094  	0.106125  	0.0893132 	0.0893132 	0.00547349	0.00547349	0.000316794	0.000511002	0.000230151
0.002278	0.113175  	0.106196  	0.0893762 	0.0893762 	0.00547399	0.00547399	0.000317166	0.000511584	0.000230431
0.002280	0.113255  	0.106268  	0.0894391 	0.0894391 	0.00547448	0.00547448	0.000317537	0.000512166	0.000230711
0.002282	0.113335  	0.10634   	0.089502  	0.089502  	0.00547498	0.00547498	0.000317909	0.000512748	0.000230991
0.002284	0.113416  	0.106411  	0.089565  	0.089565  	0.00547548	0.00547548	0.00031828	0.00051333	0.000231271
0.002286	0.113496  	0.106483  	0.0896279 	0.0896279 	0.00547597	0.00547597	0.000318652	0.000513912	0.000231551
0.002288	0.113577  	0.106555  	0.0896909 	0.0896909 	0.00547647	0.00547647	0.000319023	0.000514494	0.000231831
0.002291	0.113657  	0.106626  	0.0897538 	0.0897538 	0.00547696	0.00547696	0.000319395	0.000515076	0.000232111
0.002293	0.113737  	0.106698  	0.0898168 	0.0898168 	0.00547746	0.00547746	0.000319766	0.000515657	0.000232391
0.002295	0.113818  	0.10677   	0.0898797 	0.0898797 	0.00547796	0.00547796	0.000320138	0.000516239	0.000232671
0.002297	0.113898  	0.106842  	0.0899427 	0.0899427 	0.00547845	0.00547845	0.000320509	0.000516821	0.000232951
0.002299	0.113978  	0.106913  	0.0900056 	0.0900056 	0.00547895	0.00547895	0.000320881	0.000517403	0.000233231
0.002301	0.114059  	0.106985  	0.0900685 	0.0900685 	0.00547944	0.00547944	0.000321252	0.000517985	0.000233511
0.002304	0.114139  	0.107057  	0.0901315 	0.0901315 	0.00547994	0.00547994	0.000321624	0.000518567	0.000233791
0.002306	0.114219  	0.107128  	0.0901944 	0.0901944 	0.00548044	0.00548044	0.000321995	0.000519149	0.000234071
0.002308	0.1143    	0.1072    	0.0902574 	0.0902574 	0.00548093	0.00548093	0.000322367	0.000519731	0.000234351
0.002310	0.11438   	0.107272  	0.0903203 	0.0903203 	0.00548143	0.00548143	0.000322738	0.000520312	0.000234631
0.002312	0.114461  	0.107343  	0.0903833 	0.0903833 	0.00548192	0.00548192	0.00032311	0.000520894	0.000234911
0.002314	0.114541  	0.107415  	0.0904462 	0.0904462 	0.00548242	0.00548242	0.000323481	0.000521476	0.000235191
0.002317	0.114621  	0.107487  	0.0905091 	0.0905091 	0.00548292	0.00548292	0.000323853	0.000522058	0.000235471
0.002319	0.114702  	0.107559  	0.0905721 	0.0905721 	0.00548341	0.00548341	0.000324224	0.00052264	0.000235751
0.002321	0.114782  	0.10763   	0.090635  	0.090635  	0.00548391	0.00548391	0.000324596	0.000523222	0.000236031
0.002323	0.114862  	0.107702  	0.090698  	0.090698  	0.00548441	0.00548441	0.000324967	0.000523804	0.000236311
0.002325	0.114943  	0.107774  	0.0907609 	0.0907609 	0.0054849 	0.0054849 	0.000325339	0.000524386	0.000236591
0.002327	0.115023  	0.107845  	0.0908239 	0.0908239 	0.0054854 	0.0054854 	0.00032571	0.000524968	0.000236871
0.002330	0.115104  	0.107917  	0.0908868 	0.0908868 	0.00548589	0.00548589	0.000326082	0.000525549	0.000237151
0.002332	0.115184  	0.107989  	0.0909498 	0.0909498 	0.00548639	0.00548639	0.000326453	0.000526131	0.000237431
0.002334	0.115264  	0.10806   	0.0910127 	0.0910127 	0.00548689	0.00548689	0.000326825	0.000526713	0.000237711
0.002336	0.115345  	0.108132  	0.0910756 	0.0910756 	0.00548738	0.00548738	0.000327196	0.000527295	0.000237991
0.002338	0.115425  	0.108204  	0.0911386 	0.0911386 	0.00548788	0.00548788	0.000327568	0.000527877	0.000238271
0.002340	0.115505  	0.108276  	0.0912015 	0.0912015 	0.00548837	0.00548837	0.000327939	0.000528459	0.000238551
0.002342	0.115586  	0.108347  	0.0912645 	0.0912645 	0.00548887	0.00548887	0.000328311	0.000529041	0.000238831
0.002345	0.115666  	0.108419  	0.0913274 	0.0913274 	0.00548937	0.00548937	0.000328682	0.000529623	0.000239111
0.002347	0.115747  	0.108491  	0.0913904 	0.0913904 	0.00548986	0.00548986	0.000329054	0.000530205	0.000239391
0.002349	0.115827  	0.108562  	0.0914533 	0.0914533 	0.00549036	0.00549036	0.000329425	0.000530786	0.000239671
0.002351	0.115907  	0.108634  	0.0915162 	0.0915162 	0.00549085	0.00549085	0.000329797	0.000531368	0.000239951
0.002353	0.115988  	0.108706  	0.0915792 	0.0915792 	0.00549135	0.00549135	0.000330168	0.00053195	0.000240231
0.002355	0.116068  	0.108777  	0.0916421 	0.0916421 	0.00549185	0.00549185	0.00033054	0.000532532	0.000240511
0.002358	0.116148  	0.108849  	0.0917051 	0.0917051 	0.00549234	0.00549234	0.000330911	0.000533114	0.000240791
0.002360	0.116229  	0.108921  	0.091768  	0.091768  	0.00549284	0.00549284	0.000331283	0.000533696	0.000241071
0.002362	0.116309  	0.108993  	0.091831  	0.091831  	0.00549333	0.00549333	0.000331654	0.000534278	0.000241351
0.002364	0.11639   	0.109064  	0.0918939 	0.0918939 	0.00549383	0.00549383	0.000332026	0.00053486	0.000241631
0.002366	0.11647   	0.109136  	0.0919569 	0.0919569 	0.00549433	0.00549433	0.000332397	0.000535442	0.000241911
0.002368	0.11655   	0.109208  	0.0920198 	0.0920198 	0.00549482	0.00549482	0.000332769	0.000536023	0.000242191
0.002371	0.116631  	0.109279  	0.0920827 	0.0920827 	0.00549532	0.00549532	0.00033314	0.000536605	0.000242471
0.002373	0.116711  	0.109351  	0.0921457 	0.0921457 	0.00549581	0.00549581	0.000333512	0.000537187	0.000242751
0.002375	0.116791  	0.109423  	0.0922086 	0.0922086 	0.00549631	0.00549631	0.000333883	0.000537769	0.000243031
0.002377	0.116872  	0.109494  	0.0922716 	0.0922716 	0.00549681	0.00549681	0.000334255	0.000538351	0.000243311
0.002379	0.116952  	0.109566  	0.0923345 	0.0923345 	0.0054973 	0.0054973 	0.000334626	0.000538933	0.000243591
0.002381	0.117032  	0.109638  	0.0923975 	0.0923975 	0.0054978 	0.0054978 	0.000334998	0.000539515	0.000243871
0.002384	0.117113  	0.10971   	0.0924604 	0.0924604 	0.0054983 	0.0054983 	0.000335369	0.000540097	0.000244151
0.002386	0.117193  	0.109781  	0.0925234 	0.0925234 	0.00549879	0.00549879	0.000335741	0.000540679	0.000244431
0.002388	0.117274  	0.109853  	0.0925863 	0.0925863 	0.00549929	0.00549929	0.000336112	0.00054126	0.000244711
0.002390	0.117354  	0.109925  	0.0926492 	0.0926492 	0.00549978	0.00549978	0.000336484	0.000541842	0.000244991
0.002392	0.117434  	0.109996  	0.0927122 	0.0927122 	0.00550028	0.00550028	0.000336855	0.000542424	0.000245271
0.002394	0.117515  	0.110068  	0.0927751 	0.0927751 	0.00550078	0.00550078	0.000337227	0.000543006	0.000245551
0.002397	0.117595  	0.11014   	0.0928381 	0.0928381 	0.00550127	0.00550127	0.000337598	0.000543588	0.000245831
0.002399	0.117675  	0.110211  	0.092901  	0.092901  	0.00550177	0.00550177	0.00033797	0.00054417	0.000246111
0.002401	0.117756  	0.110283  	0.092964  	0.092964  	0.00550226	0.00550226	0.000338341	0.000544752	0.000246391
0.002403	0.117836  	0.110355  	0.0930269 	0.0930269 	0.00550276	0.00550276	0.000338713	0.000545334	0.000246671
0.002405	0.117917  	0.110427  	0.0930898 	0.0930898 	0.00550326	0.00550326	0.000339084	0.000545916	0.000246951
0.002407	0.117997  	0.110498  	0.0931528 	0.0931528 	0.00550375	0.00550375	0.000339456	0.000546497	0.000247231
0.002410	0.118077  	0.11057   	0.0932157 	0.0932157 	0.00550425	0.00550425	0.000339827	0.000547079	0.000247511
0.002412	0.118158  	0.110642  	0.0932787 	0.0932787 	0.00550474	0.00550474	0.000340199	0.000547661	0.000247791
0.002414	0.118238  	0.110713  	0.0933416 	0.0933416 	0.00550524	0.00550524	0.00034057	0.000548243	0.000248071
0.002416	0.118318  	0.110785  	0.0934046 	0.0934046 	0.00550574	0.00550574	0.000340942	0.000548825	0.000248351
0.002418	0.118399  	0.110857  	0.0934675 	0.0934675 	0.00550623	0.00550623	0.000341313	0.000549407	0.000248631
0.002420	0.118479  	0.110928  	0.0935305 	0.0935305 	0.00550673	0.00550673	0.000341685	0.000549989	0.000248911
0.002423	0.11856   	0.111     	0.0935934 	0.0935934 	0.00550722	0.00550722	0.000342056	0.000550571	0.000249191
0.002425	0.11864   	0.111072  	0.0936563 	0.0936563 	0.00550772	0.00550772	0.000342428	0.000551153	0.000249471
0.002427	0.11872   	0.111144  	0.0937193 	0.0937193 	0.00550822	0.00550822	0.000342799	0.000551734	0.000249751
0.002429	0.118801  	0.111215  	0.0937822 	0.0937822 	0.00550871	0.00550871	0.000343171	0.000552316	0.000250031
0.002431	0.118881  	0.111287  	0.0938452 	0.0938452 	0.00550921	0.00550921	0.000343542	0.000552898	0.000250311
0.002433	0.118961  	0.111359  	0.0939081 	0.0939081 	0.00550971	0.00550971	0.000343914	0.00055348	0.000250591
0.002435	0.119042  	0.11143   	0.0939711 	0.0939711 	0.0055102 	0.0055102 	0.000344285	0.000554062	0.000250871
0.002438	0.119122  	0.111502  	0.094034  	0.094034  	0.0055107 	0.0055107 	0.000344657	0.000554644	0.000251151
0.002440	0.119202  	0.111574  	0.0940969 	0.0940969 	0.00551119	0.00551119	0.000345028	0.000555226	0.000251431
0.002442	0.119283  	0.111645  	0.0941599 	0.0941599 	0.00551169	0.00551169	0.0003454 	0.000555808	0.000251711
0.002444	0.119363  	0.111717  	0.0942228 	0.0942228 	0.00551219	0.00551219	0.000345771	0.00055639	0.000251991
0.002446	0.119444  	0.111789  	0.0942858 	0.0942858 	0.00551268	0.00551268	0.000346143	0.000556971	0.000252271
0.002448	0.119524  	0.111861  	0.0943487 	0.0943487 	0.00551318	0.00551318	0.000346514	0.000557553	0.000252551
0.002451	0.119604  	0.111932  	0.0944117 	0.0944117 	0.00551367	0.00551367	0.000346886	0.000558135	0.000252831
0.002453	0.119685  	0.112004  	0.0944746 	0.0944746 	0.00551417	0.00551417	0.000347257	0.000558717	0.000253111
0.002455	0.119765  	0.112076  	0.0945376 	0.0945376 	0.00551467	0.00551467	0.000347629	0.000559299	0.000253391
0.002457	0.119845  	0.112147  	0.0946005 	0.0946005 	0.00551516	0.00551516	0.000348  	0.000559881	0.000253671
0.002459	0.119926  	0.112219  	0.0946634 	0.0946634 	0.00551566	0.00551566	0.000348372	0.000560463	0.000253951
0.002461	0.120006  	0.112291  	0.0947264 	0.0947264 	0.00551615	0.00551615	0.000348743	0.000561045	0.000254231
0.002464	0.120087  	0.112362  	0.0947893 	0.0947893 	0.00551665	0.00551665	0.000349115	0.000561627	0.000254511
0.002466	0.120167  	0.112434  	0.0948523 	0.0948523 	0.00551715	0.00551715	0.000349486	0.000562208	0.000254791
0.002468	0.120247  	0.112506  	0.0949152 	0.0949152 	0.00551764	0.00551764	0.000349858	0.00056279	0.000255071
0.002470	0.120328  	0.112577  	0.0949782 	0.0949782 	0.00551814	0.00551814	0.000350229	0.000563372	0.000255351
0.002472	0.120408  	0.112649  	0.0950411 	0.0950411 	0.00551863	0.00551863	0.000350601	0.000563954	0.000255631
0.002474	0.120488  	0.112721  	0.095104  	0.095104  	0.00551913	0.00551913	0.000350972	0.000564536	0.000255911
0.002477	0.120569  	0.112793  	0.095167  	0.095167  	0.00551963	0.00551963	0.000351344	0.000565118	0.000256191
0.002479	0.120649  	0.112864  	0.0952299 	0.0952299 	0.00552012	0.00552012	0.000351715	0.0005657 	0.000256471
0.002481	0.12073   	0.112936  	0.0952929 	0.0952929 	0.00552062	0.00552062	0.000352087	0.000566282	0.000256751
0.002483	0.12081   	0.113008  	0.0953558 	0.0953558 	0.00552111	0.00552111	0.000352458	0.000566864	0.000257031
0.002485	0.12089   	0.113079  	0.0954188 	0.0954188 	0.00552161	0.00552161	0.00035283	0.000567445	0.000257311
0.002487	0.120971  	0.113151  	0.0954817 	0.0954817 	0.00552211	0.00552211	0.000353201	0.000568027	0.000257591
0.002490	0.121051  	0.113223  	0.0955447 	0.0955447 	0.0055226 	0.0055226 	0.000353573	0.000568609	0.000257871
0.002492	0.121131  	0.113294  	0.0956076 	0.0956076 	0.0055231 	0.0055231 	0.000353944	0.000569191	0.000258151
0.002494	0.121212  	0.113366  	0.0956705 	0.0956705 	0.0055236 	0.0055236 	0.000354316	0.000569773	0.000258431
0.002496	0.121292  	0.113438  	0.0957335 	0.0957335 	0.00552409	0.00552409	0.000354687	0.000570355	0.000258711
0.002498	0.121372  	0.11351   	0.0957964 	0.0957964 	0.00552459	0.00552459	0.000355059	0.000570937	0.000258991
0.002500	0.121453  	0.113581  	0.0958594 	0.0958594 	0.00552508	0.00552508	0.00035543	0.000571519	0.000259271
0.002503	0.121533  	0.113653  	0.0959223 	0.0959223 	0.00552558	0.00552558	0.000355802	0.0005721 	0.000259551
0.002505	0.121614  	0.113725  	0.0959853 	0.0959853 	0.00552608	0.00552608	0.000356173	0.000572682	0.000259831
0.002507	0.121694  	0.113796  	0.0960482 	0.0960482 	0.00552657	0.00552657	0.000356545	0.000573264	0.000260111
0.002509	0.121774  	0.113868  	0.0961112 	0.0961112 	0.00552707	0.00552707	0.000356916	0.000573846	0.000260391
0.002511	0.121855  	0.11394   	0.0961741 	0.0961741 	0.00552756	0.00552756	0.000357288	0.000574428	0.000260671
0.002513	0.121935  	0.114011  	0.096237  	0.096237  	0.00552806	0.00552806	0.000357659	0.00057501	0.000260951
0.002516	0.122015  	0.114083  	0.0963    	0.0963    	0.00552856	0.00552856	0.000358031	0.000575592	0.000261231
0.002518	0.122096  	0.114155  	0.0963629 	0.0963629 	0.00552905	0.00552905	0.000358402	0.000576174	0.000261511
0.002520	0.122176  	0.114227  	0.0964259 	0.0964259 	0.00552955	0.00552955	0.000358774	0.000576756	0.000261791
0.002522	0.122257  	0.114298  	0.0964888 	0.0964888 	0.00553004	0.00553004	0.000359145	0.000577337	0.000262071
0.002524	0.122337  	0.11437   	0.0965518 	0.0965518 	0.00553054	0.00553054	0.000359517	0.000577919	0.000262351
0.002526	0.122417  	0.114442  	0.0966147 	0.0966147 	0.00553104	0.00553104	0.000359888	0.000578501	0.000262631
0.002528	0.122498  	0.114513  	0.0966776 	0.0966776 	0.00553153	0.00553153	0.00036026	0.000579083	0.000262911
0.002531	0.122578  	0.114585  	0.0967406 	0.0967406 	0.00553203	0.00553203	0.000360631	0.000579665	0.000263191
0.002533	0.122658  	0.114657  	0.0968035 	0.0968035 	0.00553252	0.00553252	0.000361003	0.000580247	0.000263471
0.002535	0.122739  	0.114728  	0.0968665 	0.0968665 	0.00553302	0.00553302	0.000361374	0.000580829	0.000263751
0.002537	0.122819  	0.1148    	0.0969294 	0.0969294 	0.00553352	0.00553352	0.000361746	0.000581411	0.000264031
0.002539	0.1229    	0.114872  	0.0969924 	0.0969924 	0.00553401	0.00553401	0.000362117	0.000581993	0.000264311
0.002541	0.12298   	0.114944  	0.0970553 	0.0970553 	0.00553451	0.00553451	0.000362489	0.000582574	0.000264591
0.002544	0.12306   	0.115015  	0.0971183 	0.0971183 	0.00553501	0.00553501	0.00036286	0.000583156	0.000264871
0.002546	0.123141  	0.115087  	0.0971812 	0.0971812 	0.0055355 	0.0055355 	0.000363232	0.000583738	0.000265151
0.002548	0.123221  	0.115159  	0.0972441 	0.0972441 	0.005536  	0.005536  	0.000363603	0.00058432	0.000265431
0.002550	0.123301  	0.11523   	0.0973071 	0.0973071 	0.00553649	0.00553649	0.000363975	0.000584902	0.000265711
0.002552	0.123382  	0.115302  	0.09737   	0.09737   	0.00553699	0.00553699	0.000364346	0.000585484	0.000265991
0.002554	0.123462  	0.115374  	0.097433  	0.097433  	0.00553749	0.00553749	0.000364718	0.000586066	0.000266271
0.002557	0.123542  	0.115445  	0.0974959 	0.0974959 	0.00553798	0.00553798	0.000365089	0.000586648	0.000266551
0.002559	0.123623  	0.115517  	0.0975589 	0.0975589 	0.00553848	0.00553848	0.000365461	0.00058723	0.000266831
0.002561	0.123703  	0.115589  	0.0976218 	0.0976218 	0.00553897	0.00553897	0.000365832	0.000587811	0.000267111
0.002563	0.123784  	0.115661  	0.0976847 	0.0976847 	0.00553947	0.00553947	0.000366204	0.000588393	0.000267391
0.002565	0.123864  	0.115732  	0.0977477 	0.0977477 	0.00553997	0.00553997	0.000366575	0.000588975	0.000267671
0.002567	0.123944  	0.115804  	0.0978106 	0.0978106 	0.00554046	0.00554046	0.000366947	0.000589557	0.000267951
0.002570	0.124025  	0.115876  	0.0978736 	0.0978736 	0.00554096	0.00554096	0.000367318	0.000590139	0.000268231
0.002572	0.124105  	0.115947  	0.0979365 	0.0979365 	0.00554145	0.00554145	0.00036769	0.000590721	0.000268511
0.002574	0.124185  	0.116019  	0.0979995 	0.0979995 	0.00554195	0.00554195	0.000368061	0.000591303	0.000268791
0.002576	0.124266  	0.116091  	0.0980624 	0.0980624 	0.00554245	0.00554245	0.000368433	0.000591885	0.000269071
0.002578	0.124346  	0.116162  	0.0981254 	0.0981254 	0.00554294	0.00554294	0.000368804	0.000592467	0.000269351
0.002580	0.124427  	0.116234  	0.0981883 	0.0981883 	0.00554344	0.00554344	0.000369176	0.000593048	0.000269631
0.002583	0.124507  	0.116306  	0.0982512 	0.0982512 	0.00554393	0.00554393	0.000369547	0.00059363	0.000269911
0.002585	0.124587  	0.116378  	0.0983142 	0.0983142 	0.00554443	0.00554443	0.000369919	0.000594212	0.000270191
0.002587	0.124668  	0.116449  	0.0983771 	0.0983771 	0.00554493	0.00554493	0.00037029	0.000594794	0.000270471
0.002589	0.124748  	0.116521  	0.0984401 	0.0984401 	0.00554542	0.00554542	0.000370662	0.000595376	0.000270751
0.002591	0.124828  	0.116593  	0.098503  	0.098503  	0.00554592	0.00554592	0.000371033	0.000595958	0.000271031
0.002593	0.124909  	0.116664  	0.098566  	0.098566  	0.00554641	0.00554641	0.000371405	0.00059654	0.000271311
0.002596	0.124989  	0.116736  	0.0986289 	0.0986289 	0.00554691	0.00554691	0.000371776	0.000597122	0.000271591
0.002598	0.12507   	0.116808  	0.0986919 	0.0986919 	0.00554741	0.00554741	0.000372148	0.000597704	0.000271871
0.002600	0.12515   	0.116879  	0.0987548 	0.0987548 	0.0055479 	0.0055479 	0.000372519	0.000598285	0.000272151
0.002602	0.12523   	0.116951  	0.0988177 	0.0988177 	0.0055484 	0.0055484 	0.000372891	0.000598867	0.000272431
0.002604	0.125311  	0.117023  	0.0988807 	0.0988807 	0.0055489 	0.0055489 	0.000373262	0.000599449	0.000272711
0.002606	0.125391  	0.117095  	0.0989436 	0.0989436 	0.00554939	0.00554939	0.000373634	0.000600031	0.000272991
0.002609	0.125471  	0.117166  	0.0990066 	0.0990066 	0.00554989	0.00554989	0.000374005	0.000600613	0.000273271
0.002611	0.125552  	0.117238  	0.0990695 	0.0990695 	0.00555038	0.00555038	0.000374377	0.000601195	0.000273551
0.002613	0.125632  	0.11731   	0.0991325 	0.0991325 	0.00555088	0.00555088	0.000374748	0.000601777	0.000273831
0.002615	0.125712  	0.117381  	0.0991954 	0.0991954 	0.00555138	0.00555138	0.00037512	0.000602359	0.000274111
0.002617	0.125793  	0.117453  	0.0992583 	0.0992583 	0.00555187	0.00555187	0.000375491	0.000602941	0.000274391
0.002619	0.125873  	0.117525  	0.0993213 	0.0993213 	0.00555237	0.00555237	0.000375863	0.000603522	0.000274671
0.002622	0.125954  	0.117596  	0.0993842 	0.0993842 	0.00555286	0.00555286	0.000376234	0.000604104	0.000274951
0.002624	0.126034  	0.117668  	0.0994472 	0.0994472 	0.00555336	0.00555336	0.000376606	0.000604686	0.000275231
0.002626	0.126114  	0.11774   	0.0995101 	0.0995101 	0.00555386	0.00555386	0.000376977	0.000605268	0.000275511
0.002628	0.126195  	0.117812  	0.0995731 	0.0995731 	0.00555435	0.00555435	0.000377349	0.00060585	0.000275791
0.002630	0.126275  	0.117883  	0.099636  	0.099636  	0.00555485	0.00555485	0.00037772	0.000606432	0.000276071
0.002632	0.126355  	0.117955  	0.099699  	0.099699  	0.00555534	0.00555534	0.000378092	0.000607014	0.000276351
0.002634	0.126436  	0.118027  	0.0997619 	0.0997619 	0.00555584	0.00555584	0.000378463	0.000607596	0.000276631
0.002637	0.126516  	0.118098  	0.0998248 	0.0998248 	0.00555634	0.00555634	0.000378835	0.000608178	0.000276911
0.002639	0.126597  	0.11817   	0.0998878 	0.0998878 	0.00555683	0.00555683	0.000379206	0.000608759	0.000277191
0.002641	0.126677  	0.118242  	0.0999507 	0.0999507 	0.00555733	0.00555733	0.000379578	0.000609341	0.000277471
0.002643	0.126757  	0.118313  	0.100014  	0.100014  	0.00555782	0.00555782	0.000379949	0.000609923	0.000277751
0.002645	0.126838  	0.118385  	0.100077  	0.100077  	0.00555832	0.00555832	0.000380321	0.000610505	0.000278031
0.002647	0.126918  	0.118457  	0.10014   	0.10014   	0.00555882	0.00555882	0.000380692	0.000611087	0.000278311
0.002650	0.126998  	0.118529  	0.100203  	0.100203  	0.00555931	0.00555931	0.000381064	0.000611669	0.000278591
0.002652	0.127079  	0.1186    	0.100265  	0.100265  	0.00555981	0.00555981	0.000381435	0.000612251	0.000278871
0.002654	0.127159  	0.118672  	0.100328  	0.100328  	0.00556031	0.00556031	0.000381807	0.000612833	0.000279151
0.002656	0.12724   	0.118744  	0.100391  	0.100391  	0.0055608 	0.0055608 	0.000382178	0.000613415	0.000279431
0.002658	0.12732   	0.118815  	0.100454  	0.100454  	0.0055613 	0.0055613 	0.00038255	0.000613996	0.000279711
0.002660	0.1274    	0.118887  	0.100517  	0.100517  	0.00556179	0.00556179	0.000382921	0.000614578	0.000279991
0.002663	0.127481  	0.118959  	0.10058   	0.10058   	0.00556229	0.00556229	0.000383293	0.00061516	0.000280271
0.002665	0.127561  	0.11903   	0.100643  	0.100643  	0.00556279	0.00556279	0.000383664	0.000615742	0.000280551
0.002667	0.127641  	0.119102  	0.100706  	0.100706  	0.00556328	0.00556328	0.000384036	0.000616324	0.000280831
0.002669	0.127722  	0.119174  	0.100769  	0.100769  	0.00556378	0.00556378	0.000384407	0.000616906	0.000281111
0.002671	0.127802  	0.119246  	0.100832  	0.100832  	0.00556427	0.00556427	0.000384779	0.000617488	0.000281391
0.002673	0.127883  	0.119317  	0.100895  	0.100895  	0.00556477	0.00556477	0.00038515	0.00061807	0.000281671
0.002676	0.127963  	0.119389  	0.100958  	0.100958  	0.00556527	0.00556527	0.000385522	0.000618652	0.000281951
0.002678	0.128043  	0.119461  	0.101021  	0.101021  	0.00556576	0.00556576	0.000385893	0.000619233	0.000282232
0.002680	0.128124  	0.119532  	0.101084  	0.101084  	0.00556626	0.00556626	0.000386265	0.000619815	0.000282512
0.002682	0.128204  	0.119604  	0.101147  	0.101147  	0.00556675	0.00556675	0.000386636	0.000620397	0.000282792
0.002684	0.128284  	0.119676  	0.10121   	0.10121   	0.00556725	0.00556725	0.000387008	0.000620979	0.000283072
0.002686	0.128365  	0.119747  	0.101273  	0.101273  	0.00556775	0.00556775	0.000387379	0.000621561	0.000283352
0.002689	0.128445  	0.119819  	0.101335  	0.101335  	0.00556824	0.00556824	0.000387751	0.000622143	0.000283632
0.002691	0.128525  	0.119891  	0.101398  	0.101398  	0.00556874	0.00556874	0.000388122	0.000622725	0.000283912
0.002693	0.128606  	0.119962  	0.101461  	0.101461  	0.00556923	0.00556923	0.000388494	0.000623307	0.000284192
0.002695	0.128686  	0.120034  	0.101524  	0.101524  	0.00556973	0.00556973	0.000388865	0.000623888	0.000284472
0.002697	0.128767  	0.120106  	0.101587  	0.101587  	0.00557023	0.00557023	0.000389237	0.00062447	0.000284752
0.002699	0.128847  	0.120178  	0.10165   	0.10165   	0.00557072	0.00557072	0.000389608	0.000625052	0.000285032
0.002702	0.128927  	0.120249  	0.101713  	0.101713  	0.00557122	0.00557122	0.00038998	0.000625634	0.000285312
0.002704	0.129008  	0.120321  	0.101776  	0.101776  	0.00557171	0.00557171	0.000390351	0.000626216	0.000285592
0.002706	0.129088  	0.120393  	0.101839  	0.101839  	0.00557221	0.00557221	0.000390723	0.000626798	0.000285872
0.002708	0.129168  	0.120464  	0.101902  	0.101902  	0.00557271	0.00557271	0.000391094	0.00062738	0.000286152
0.002710	0.129249  	0.120536  	0.101965  	0.101965  	0.0055732 	0.0055732 	0.000391466	0.000627962	0.000286432
0.002712	0.129329  	0.120608  	0.102028  	0.102028  	0.0055737 	0.0055737 	0.000391837	0.000628544	0.000286712
0.002715	0.12941   	0.120679  	0.102091  	0.102091  	0.0055742 	0.0055742 	0.000392209	0.000629125	0.000286992
0.002717	0.12949   	0.120751  	0.102154  	0.102154  	0.00557469	0.00557469	0.00039258	0.000629707	0.000287272
0.002719	0.12957   	0.120823  	0.102217  	0.102217  	0.00557519	0.00557519	0.000392952	0.000630289	0.000287552
0.002721	0.129651  	0.120895  	0.10228   	0.10228   	0.00557568	0.00557568	0.000393323	0.000630871	0.000287832
0.002723	0.129731  	0.120966  	0.102343  	0.102343  	0.00557618	0.00557618	0.000393695	0.000631453	0.000288112
0.002725	0.129811  	0.121038  	0.102406  	0.102406  	0.00557668	0.00557668	0.000394066	0.000632035	0.000288392
0.002727	0.129892  	0.12111   	0.102468  	0.102468  	0.00557717	0.00557717	0.000394438	0.000632617	0.000288672
0.002730	0.129972  	0.121181  	0.102531  	0.102531  	0.00557767	0.00557767	0.000394809	0.000633199	0.000288952
0.002732	0.130053  	0.121253  	0.102594  	0.102594  	0.00557816	0.00557816	0.000395181	0.000633781	0.000289232
0.002734	0.130133  	0.121325  	0.102657  	0.102657  	0.00557866	0.00557866	0.000395552	0.000634362	0.000289512
0.002736	0.130213  	0.121396  	0.10272   	0.10272   	0.00557916	0.00557916	0.000395924	0.000634944	0.000289792
0.002738	0.130294  	0.121468  	0.102783  	0.102783  	0.00557965	0.00557965	0.000396295	0.000635526	0.000290072
0.002740	0.130374  	0.12154   	0.102846  	0.102846  	0.00558015	0.00558015	0.000396667	0.000636108	0.000290352
0.002743	0.130454  	0.121612  	0.102909  	0.102909  	0.00558064	0.00558064	0.000397038	0.00063669	0.000290632
0.002745	0.130535  	0.121683  	0.102972  	0.102972  	0.00558114	0.00558114	0.00039741	0.000637272	0.000290912
0.002747	0.130615  	0.121755  	0.103035  	0.103035  	0.00558164	0.00558164	0.000397781	0.000637854	0.000291192
0.002749	0.130695  	0.121827  	0.103098  	0.103098  	0.00558213	0.00558213	0.000398153	0.000638436	0.000291472
0.002751	0.130776  	0.121898  	0.103161  	0.103161  	0.00558263	0.00558263	0.000398524	0.000639018	0.000291752
0.002753	0.130856  	0.12197   	0.103224  	0.103224  	0.00558312	0.00558312	0.000398896	0.000639599	0.000292032
0.002756	0.130937  	0.122042  	0.103287  	0.103287  	0.00558362	0.00558362	0.000399267	0.000640181	0.000292312
0.002758	0.131017  	0.122113  	0.10335   	0.10335   	0.00558412	0.00558412	0.000399639	0.000640763	0.000292592
0.002760	0.131097  	0.122185  	0.103413  	0.103413  	0.00558461	0.00558461	0.00040001	0.000641345	0.000292872
0.002762	0.131178  	0.122257  	0.103476  	0.103476  	0.00558511	0.00558511	0.000400382	0.000641927	0.000293152
0.002764	0.131258  	0.122329  	0.103539  	0.103539  	0.00558561	0.00558561	0.000400753	0.000642509	0.000293432
0.002766	0.131338  	0.1224    	0.103601  	0.103601  	0.0055861 	0.0055861 	0.000401125	0.000643091	0.000293712
0.002769	0.131419  	0.122472  	0.103664  	0.103664  	0.0055866 	0.0055866 	0.000401496	0.000643673	0.000293992
0.002771	0.131499  	0.122544  	0.103727  	0.103727  	0.00558709	0.00558709	0.000401868	0.000644255	0.000294272
0.002773	0.13158   	0.122615  	0.10379   	0.10379   	0.00558759	0.00558759	0.000402239	0.000644836	0.000294552
0.002775	0.13166   	0.122687  	0.103853  	0.103853  	0.00558809	0.00558809	0.000402611	0.000645418	0.000294832
0.002777	0.13174   	0.122759  	0.103916  	0.103916  	0.00558858	0.00558858	0.000402982	0.000646  	0.000295112
0.002779	0.131821  	0.12283   	0.103979  	0.103979  	0.00558908	0.00558908	0.000403354	0.000646582	0.000295392
0.002782	0.131901  	0.122902  	0.104042  	0.104042  	0.00558957	0.00558957	0.000403725	0.000647164	0.000295672
0.002784	0.131981  	0.122974  	0.104105  	0.104105  	0.00559007	0.00559007	0.000404097	0.000647746	0.000295952
0.002786	0.132062  	0.123046  	0.104168  	0.104168  	0.00559057	0.00559057	0.000404468	0.000648328	0.000296232
0.002788	0.132142  	0.123117  	0.104231  	0.104231  	0.00559106	0.00559106	0.00040484	0.00064891	0.000296512
0.002790	0.132223  	0.123189  	0.104294  	0.104294  	0.00559156	0.00559156	0.000405211	0.000649492	0.000296792
0.002792	0.132303  	0.123261  	0.104357  	0.104357  	0.00559205	0.00559205	0.000405583	0.000650073	0.000297072
0.002795	0.132383  	0.123332  	0.10442   	0.10442   	0.00559255	0.00559255	0.000405954	0.000650655	0.000297352
0.002797	0.132464  	0.123404  	0.104483  	0.104483  	0.00559305	0.00559305	0.000406326	0.000651237	0.000297632
0.002799	0.132544  	0.123476  	0.104546  	0.104546  	0.00559354	0.00559354	0.000406697	0.000651819	0.000297912
0.002801	0.132624  	0.123547  	0.104609  	0.104609  	0.00559404	0.00559404	0.000407069	0.000652401	0.000298192
0.002803	0.132705  	0.123619  	0.104672  	0.104672  	0.00559453	0.00559453	0.00040744	0.000652983	0.000298472
0.002805	0.132785  	0.123691  	0.104734  	0.104734  	0.00559503	0.00559503	0.000407812	0.000653565	0.000298752
0.002808	0.132865  	0.123763  	0.104797  	0.104797  	0.00559553	0.00559553	0.000408183	0.000654147	0.000299032
0.002810	0.132946  	0.123834  	0.10486   	0.10486   	0.00559602	0.00559602	0.000408555	0.000654729	0.000299312
0.002812	0.133026  	0.123906  	0.104923  	0.104923  	0.00559652	0.00559652	0.000408926	0.00065531	0.000299592
0.002814	0.133107  	0.123978  	0.104986  	0.104986  	0.00559701	0.00559701	0.000409298	0.000655892	0.000299872
0.002816	0.133187  	0.124049  	0.105049  	0.105049  	0.00559751	0.00559751	0.000409669	0.000656474	0.000300152
0.002818	0.133267  	0.124121  	0.105112  	0.105112  	0.00559801	0.00559801	0.000410041	0.000657056	0.000300432
0.002820	0.133348  	0.124193  	0.105175  	0.105175  	0.0055985 	0.0055985 	0.000410412	0.000657638	0.000300712
0.002823	0.133428  	0.124264  	0.105238  	0.105238  	0.005599  	0.005599  	0.000410784	0.00065822	0.000300992
0.002825	0.133508  	0.124336  	0.105301  	0.105301  	0.0055995 	0.0055995 	0.000411155	0.000658802	0.000301272
0.002827	0.133589  	0.124408  	0.105364  	0.105364  	0.00559999	0.00559999	0.000411527	0.000659384	0.000301552
0.002829	0.133669  	0.12448   	0.105427  	0.105427  	0.00560049	0.00560049	0.000411898	0.000659966	0.000301832
0.002831	0.13375   	0.124551  	0.10549   	0.10549   	0.00560098	0.00560098	0.00041227	0.000660547	0.000302112
0.002833	0.13383   	0.124623  	0.105553  	0.105553  	0.00560148	0.00560148	0.000412641	0.000661129	0.000302392
0.002836	0.13391   	0.124695  	0.105616  	0.105616  	0.00560198	0.00560198	0.000413013	0.000661711	0.000302672
0.002838	0.133991  	0.124766  	0.105679  	0.105679  	0.00560247	0.00560247	0.000413384	0.000662293	0.000302952
0.002840	0.134071  	0.124838  	0.105742  	0.105742  	0.00560297	0.00560297	0.000413756	0.000662875	0.000303232
0.002842	0.134151  	0.12491   	0.105805  	0.105805  	0.00560346	0.00560346	0.000414127	0.000663457	0.000303512
0.002844	0.134232  	0.124981  	0.105867  	0.105867  	0.00560396	0.00560396	0.000414499	0.000664039	0.000303792
0.002846	0.134312  	0.125053  	0.10593   	0.10593   	0.00560446	0.00560446	0.00041487	0.000664621	0.000304072
0.002849	0.134393  	0.125125  	0.105993  	0.105993  	0.00560495	0.00560495	0.000415242	0.000665203	0.000304352
0.002851	0.134473  	0.125197  	0.106056  	0.106056  	0.00560545	0.00560545	0.000415613	0.000665784	0.000304632
0.002853	0.134553  	0.125268  	0.106119  	0.106119  	0.00560594	0.00560594	0.000415985	0.000666366	0.000304912
0.002855	0.134634  	0.12534   	0.106182  	0.106182  	0.00560644	0.00560644	0.000416356	0.000666948	0.000305192
0.002857	0.134714  	0.125412  	0.106245  	0.106245  	0.00560694	0.00560694	0.000416728	0.00066753	0.000305472
0.002859	0.134794  	0.125483  	0.106308  	0.106308  	0.00560743	0.00560743	0.000417099	0.000668112	0.000305752
0.002862	0.134875  	0.125555  	0.106371  	0.106371  	0.00560793	0.00560793	0.000417471	0.000668694	0.000306032
0.002864	0.134955  	0.125627  	0.106434  	0.106434  	0.00560842	0.00560842	0.000417842	0.000669276	0.000306312
0.002866	0.135035  	0.125698  	0.106497  	0.106497  	0.00560892	0.00560892	0.000418214	0.000669858	0.000306592
0.002868	0.135116  	0.12577   	0.10656   	0.10656   	0.00560942	0.00560942	0.000418585	0.000670439	0.000306872
0.002870	0.135196  	0.125842  	0.106623  	0.106623  	0.00560991	0.00560991	0.000418957	0.000671021	0.000307152
0.002872	0.135277  	0.125914  	0.106686  	0.106686  	0.00561041	0.00561041	0.000419328	0.000671603	0.000307432
0.002875	0.135357  	0.125985  	0.106749  	0.106749  	0.00561091	0.00561091	0.0004197 	0.000672185	0.000307712
0.002877	0.135437  	0.126057  	0.106812  	0.106812  	0.0056114 	0.0056114 	0.000420071	0.000672767	0.000307992
0.002879	0.135518  	0.126129  	0.106875  	0.106875  	0.0056119 	0.0056119 	0.000420443	0.000673349	0.000308272
0.002881	0.135598  	0.1262    	0.106937  	0.106937  	0.00561239	0.00561239	0.000420814	0.000673931	0.000308552
0.002883	0.135678  	0.126272  	0.107     	0.107     	0.00561289	0.00561289	0.000421186	0.000674513	0.000308832
0.002885	0.135759  	0.126344  	0.107063  	0.107063  	0.00561339	0.00561339	0.000421557	0.000675095	0.000309112
0.002888	0.135839  	0.126415  	0.107126  	0.107126  	0.00561388	0.00561388	0.000421929	0.000675676	0.000309392
0.002890	0.13592   	0.126487  	0.107189  	0.107189  	0.00561438	0.00561438	0.0004223 	0.000676258	0.000309672
0.002892	0.136     	0.126559  	0.107252  	0.107252  	0.00561487	0.00561487	0.000422672	0.00067684	0.000309952
0.002894	0.13608   	0.126631  	0.107315  	0.107315  	0.00561537	0.00561537	0.000423043	0.000677422	0.000310232
0.002896	0.136161  	0.126702  	0.107378  	0.107378  	0.00561587	0.00561587	0.000423415	0.000678004	0.000310512
0.002898	0.136241  	0.126774  	0.107441  	0.107441  	0.00561636	0.00561636	0.000423786	0.000678586	0.000310792
0.002901	0.136321  	0.126846  	0.107504  	0.107504  	0.00561686	0.00561686	0.000424158	0.000679168	0.000311072
0.002903	0.136402  	0.126917  	0.107567  	0.107567  	0.00561735	0.00561735	0.000424529	0.00067975	0.000311352
0.002905	0.136482  	0.126989  	0.10763   	0.10763   	0.00561785	0.00561785	0.000424901	0.000680332	0.000311632
0.002907	0.136563  	0.127061  	0.107693  	0.107693  	0.00561835	0.00561835	0.000425272	0.000680913	0.000311912
0.002909	0.136643  	0.127132  	0.107756  	0.107756  	0.00561884	0.00561884	0.000425644	0.000681495	0.000312192
0.002911	0.136723  	0.127204  	0.107819  	0.107819  	0.00561934	0.00561934	0.000426015	0.000682077	0.000312472
0.002913	0.136804  	0.127276  	0.107882  	0.107882  	0.00561983	0.00561983	0.000426387	0.000682659	0.000312752
0.002916	0.136884  	0.127347  	0.107945  	0.107945  	0.00562033	0.00562033	0.000426758	0.000683241	0.000313032
0.002918	0.136964  	0.127419  	0.108008  	0.108008  	0.00562083	0.00562083	0.00042713	0.000683823	0.000313312
0.002920	0.137045  	0.127491  	0.10807   	0.10807   	0.00562132	0.00562132	0.000427501	0.000684405	0.000313592
0.002922	0.137125  	0.127563  	0.108133  	0.108133  	0.00562182	0.00562182	0.000427873	0.000684987	0.000313872
0.002924	0.137205  	0.127634  	0.108196  	0.108196  	0.00562231	0.00562231	0.000428244	0.000685569	0.000314152
0.002926	0.137286  	0.127706  	0.108259  	0.108259  	0.00562281	0.00562281	0.000428616	0.00068615	0.000314432
0.002929	0.137366  	0.127778  	0.108322  	0.108322  	0.00562331	0.00562331	0.000428987	0.000686732	0.000314712
0.002931	0.137447  	0.127849  	0.108385  	0.108385  	0.0056238 	0.0056238 	0.000429359	0.000687314	0.000314992
0.002933	0.137527  	0.127921  	0.108448  	0.108448  	0.0056243 	0.0056243 	0.00042973	0.000687896	0.000315272
0.002935	0.137607  	0.127993  	0.108511  	0.108511  	0.0056248 	0.0056248 	0.000430102	0.000688478	0.000315552
0.002937	0.137688  	0.128064  	0.108574  	0.108574  	0.00562529	0.00562529	0.000430473	0.00068906	0.000315832
0.002939	0.137768  	0.128136  	0.108637  	0.108637  	0.00562579	0.00562579	0.000430845	0.000689642	0.000316112
0.002942	0.137848  	0.128208  	0.1087    	0.1087    	0.00562628	0.00562628	0.000431216	0.000690224	0.000316392
0.002944	0.137929  	0.12828   	0.108763  	0.108763  	0.00562678	0.00562678	0.000431588	0.000690806	0.000316672
0.002946	0.138009  	0.128351  	0.108826  	0.108826  	0.00562728	0.00562728	0.000431959	0.000691387	0.000316952
0.002948	0.13809   	0.128423  	0.108889  	0.108889  	0.00562777	0.00562777	0.000432331	0.000691969	0.000317232
0.002950	0.13817   	0.128495  	0.108952  	0.108952  	0.00562827	0.00562827	0.000432702	0.000692551	0.000317512
0.002952	0.13825   	0.128566  	0.109015  	0.109015  	0.00562876	0.00562876	0.000433074	0.000693133	0.000317792
0.002955	0.138331  	0.128638  	0.109078  	0.109078  	0.00562926	0.00562926	0.000433445	0.000693715	0.000318072
0.002957	0.138411  	0.12871   	0.109141  	0.109141  	0.00562976	0.00562976	0.000433817	0.000694297	0.000318352
0.002959	0.138491  	0.128781  	0.109203  	0.109203  	0.00563025	0.00563025	0.000434188	0.000694879	0.000318632
0.002961	0.138572  	0.128853  	0.109266  	0.109266  	0.00563075	0.00563075	0.00043456	0.000695461	0.000318912
0.002963	0.138652  	0.128925  	0.109329  	0.109329  	0.00563124	0.00563124	0.000434931	0.000696043	0.000319192
0.002965	0.138733  	0.128997  	0.109392  	0.109392  	0.00563174	0.00563174	0.000435303	0.000696624	0.000319472
0.002968	0.138813  	0.129068  	0.109455  	0.109455  	0.00563224	0.00563224	0.000435674	0.000697206	0.000319752
0.002970	0.138893  	0.12914   	0.109518  	0.109518  	0.00563273	0.00563273	0.000436046	0.000697788	0.000320032
0.002972	0.138974  	0.129212  	0.109581  	0.109581  	0.00563323	0.00563323	0.000436417	0.00069837	0.000320312
0.002974	0.139054  	0.129283  	0.109644  	0.109644  	0.00563372	0.00563372	0.000436789	0.000698952	0.000320592
0.002976	0.139134  	0.129355  	0.109707  	0.109707  	0.00563422	0.00563422	0.00043716	0.000699534	0.000320872
0.002978	0.139215  	0.129427  	0.10977   	0.10977   	0.00563472	0.00563472	0.000437532	0.000700116	0.000321152
0.002981	0.139295  	0.129498  	0.109833  	0.109833  	0.00563521	0.00563521	0.000437903	0.000700698	0.000321432
0.002983	0.139376  	0.12957   	0.109896  	0.109896  	0.00563571	0.00563571	0.000438275	0.00070128	0.000321712
0.002985	0.139456  	0.129642  	0.109959  	0.109959  	0.00563621	0.00563621	0.000438646	0.000701861	0.000321992
0.002987	0.139536  	0.129714  	0.110022  	0.110022  	0.0056367 	0.0056367 	0.000439018	0.000702443	0.000322272
0.002989	0.139617  	0.129785  	0.110085  	0.110085  	0.0056372 	0.0056372 	0.000439389	0.000703025	0.000322552
0.002991	0.139697  	0.129857  	0.110148  	0.110148  	0.00563769	0.00563769	0.000439761	0.000703607	0.000322832
0.002994	0.139777  	0.129929  	0.110211  	0.110211  	0.00563819	0.00563819	0.000440132	0.000704189	0.000323112
0.002996	0.139858  	0.13      	0.110274  	0.110274  	0.00563869	0.00563869	0.000440504	0.000704771	0.000323392
0.002998	0.139938  	0.130072  	0.110336  	0.110336  	0.00563918	0.00563918	0.000440875	0.000705353	0.000323672
0.003000	0.140018  	0.130144  	0.110399  	0.110399  	0.00563968	0.00563968	0.000441247	0.000705935	0.000323952
0.003002	0.140099  	0.130215  	0.110462  	0.110462  	0.00564017	0.00564017	0.000441618	0.000706517	0.000324232
0.003004	0.140179  	0.130287  	0.110525  	0.110525  	0.00564067	0.00564067	0.00044199	0.000707098	0.000324512
0.003006	0.14026   	0.130359  	0.110588  	0.110588  	0.00564117	0.00564117	0.000442361	0.00070768	0.000324792
0.003009	0.14034   	0.130431  	0.110651  	0.110651  	0.00564166	0.00564166	0.000442733	0.000708262	0.000325072
0.003011	0.14042   	0.130502  	0.110714  	0.110714  	0.00564216	0.00564216	0.000443104	0.000708844	0.000325352
0.003013	0.140501  	0.130574  	0.110777  	0.110777  	0.00564265	0.00564265	0.000443476	0.000709426	0.000325632
0.003015	0.140581  	0.130646  	0.11084   	0.11084   	0.00564315	0.00564315	0.000443847	0.000710008	0.000325912
0.003017	0.140661  	0.130717  	0.110903  	0.110903  	0.00564365	0.00564365	0.000444219	0.00071059	0.000326192
0.003019	0.140742  	0.130789  	0.110966  	0.110966  	0.00564414	0.00564414	0.00044459	0.000711172	0.000326472
0.003022	0.140822  	0.130861  	0.111029  	0.111029  	0.00564464	0.00564464	0.000444962	0.000711754	0.000326752
0.003024	0.140903  	0.130932  	0.111092  	0.111092  	0.00564513	0.00564513	0.000445333	0.000712335	0.000327032
0.003026	0.140983  	0.131004  	0.111155  	0.111155  	0.00564563	0.00564563	0.000445705	0.000712917	0.000327312
0.003028	0.141063  	0.131076  	0.111218  	0.111218  	0.00564613	0.00564613	0.000446076	0.000713499	0.000327592
0.003030	0.141144  	0.131148  	0.111281  	0.111281  	0.00564662	0.00564662	0.000446448	0.000714081	0.000327872
0.003032	0.141224  	0.131219  	0.111344  	0.111344  	0.00564712	0.00564712	0.000446819	0.000714663	0.000328152
0.003035	0.141304  	0.131291  	0.111407  	0.111407  	0.00564761	0.00564761	0.000447191	0.000715245	0.000328432
0.003037	0.141385  	0.131363  	0.111469  	0.111469  	0.00564811	0.00564811	0.000447562	0.000715827	0.000328712
0.003039	0.141465  	0.131434  	0.111532  	0.111532  	0.00564861	0.00564861	0.000447934	0.000716409	0.000328992
0.003041	0.141546  	0.131506  	0.111595  	0.111595  	0.0056491 	0.0056491 	0.000448305	0.000716991	0.000329272
0.003043	0.141626  	0.131578  	0.111658  	0.111658  	0.0056496 	0.0056496 	0.000448677	0.000717572	0.000329552
0.003045	0.141706  	0.131649  	0.111721  	0.111721  	0.0056501 	0.0056501 	0.000449048	0.000718154	0.000329832
0.003048	0.141787  	0.131721  	0.111784  	0.111784  	0.00565059	0.00565059	0.00044942	0.000718736	0.000330112
0.003050	0.141867  	0.131793  	0.111847  	0.111847  	0.00565109	0.00565109	0.000449791	0.000719318	0.000330392
0.003052	0.141947  	0.131865  	0.11191   	0.11191   	0.00565158	0.00565158	0.000450163	0.0007199 	0.000330672
0.003054	0.142028  	0.131936  	0.111973  	0.111973  	0.00565208	0.00565208	0.000450534	0.000720482	0.000330952
0.003056	0.142108  	0.132008  	0.112036  	0.112036  	0.00565258	0.00565258	0.000450906	0.000721064	0.000331232
0.003058	0.142188  	0.13208   	0.112099  	0.112099  	0.00565307	0.00565307	0.000451277	0.000721646	0.000331512
0.003061	0.142269  	0.132151  	0.112162  	0.112162  	0.00565357	0.00565357	0.000451649	0.000722227	0.000331792
0.003063	0.142349  	0.132223  	0.112225  	0.112225  	0.00565406	0.00565406	0.00045202	0.000722809	0.000332072
0.003065	0.14243   	0.132295  	0.112288  	0.112288  	0.00565456	0.00565456	0.000452392	0.000723391	0.000332352
0.003067	0.14251   	0.132366  	0.112351  	0.112351  	0.00565506	0.00565506	0.000452763	0.000723973	0.000332632
0.003069	0.14259   	0.132438  	0.112414  	0.112414  	0.00565555	0.00565555	0.000453135	0.000724555	0.000332912
0.003071	0.142671  	0.13251   	0.112477  	0.112477  	0.00565605	0.00565605	0.000453506	0.000725137	0.000333192
0.003074	0.142751  	0.132582  	0.11254   	0.11254   	0.00565654	0.00565654	0.000453878	0.000725719	0.000333472
0.003076	0.142831  	0.132653  	0.112602  	0.112602  	0.00565704	0.00565704	0.000454249	0.000726301	0.000333752
0.003078	0.142912  	0.132725  	0.112665  	0.112665  	0.00565754	0.00565754	0.000454621	0.000726883	0.000334032
0.003080	0.142992  	0.132797  	0.112728  	0.112728  	0.00565803	0.00565803	0.000454992	0.000727464	0.000334312
0.003082	0.143073  	0.132868  	0.112791  	0.112791  	0.00565853	0.00565853	0.000455364	0.000728046	0.000334592
0.003084	0.143153  	0.13294   	0.112854  	0.112854  	0.00565902	0.00565902	0.000455735	0.000728628	0.000334872
0.003087	0.143233  	0.133012  	0.112917  	0.112917  	0.00565952	0.00565952	0.000456107	0.00072921	0.000335152
0.003089	0.143314  	0.133083  	0.11298   	0.11298   	0.00566002	0.00566002	0.000456478	0.000729792	0.000335432
0.003091	0.143394  	0.133155  	0.113043  	0.113043  	0.00566051	0.00566051	0.00045685	0.000730374	0.000335712
0.003093	0.143474  	0.133227  	0.113106  	0.113106  	0.00566101	0.00566101	0.000457221	0.000730956	0.000335992
0.003095	0.143555  	0.133299  	0.113169  	0.113169  	0.00566151	0.00566151	0.000457593	0.000731538	0.000336272
0.003097	0.143635  	0.13337   	0.113232  	0.113232  	0.005662  	0.005662  	0.000457964	0.00073212	0.000336552
0.003100	0.143716  	0.133442  	0.113295  	0.113295  	0.0056625 	0.0056625 	0.000458336	0.000732701	0.000336832
0.003102	0.143796  	0.133514  	0.113358  	0.113358  	0.00566299	0.00566299	0.000458707	0.000733283	0.000337112
0.003104	0.143876  	0.133585  	0.113421  	0.113421  	0.00566349	0.00566349	0.000459079	0.000733865	0.000337392
0.003106	0.143957  	0.133657  	0.113484  	0.113484  	0.00566399	0.00566399	0.00045945	0.000734447	0.000337672
0.003108	0.144037  	0.133729  	0.113547  	0.113547  	0.00566448	0.00566448	0.000459822	0.000735029	0.000337952
0.003110	0.144117  	0.1338    	0.11361   	0.11361   	0.00566498	0.00566498	0.000460193	0.000735611	0.000338232
0.003112	0.144198  	0.133872  	0.113672  	0.113672  	0.00566547	0.00566547	0.000460565	0.000736193	0.000338512
0.003115	0.144278  	0.133944  	0.113735  	0.113735  	0.00566597	0.00566597	0.000460936	0.000736775	0.000338792
0.003117	0.144358  	0.134016  	0.113798  	0.113798  	0.00566647	0.00566647	0.000461308	0.000737357	0.000339072
0.003119	0.144439  	0.134087  	0.113861  	0.113861  	0.00566696	0.00566696	0.000461679	0.000737938	0.000339352
0.003121	0.144519  	0.134159  	0.113924  	0.113924  	0.00566746	0.00566746	0.000462051	0.00073852	0.000339632
0.003123	0.1446    	0.134231  	0.113987  	0.113987  	0.00566795	0.00566795	0.000462422	0.000739102	0.000339912
0.003125	0.14468   	0.134302  	0.11405   	0.11405   	0.00566845	0.00566845	0.000462794	0.000739684	0.000340192
0.003128	0.14476   	0.134374  	0.114113  	0.114113  	0.00566895	0.00566895	0.000463165	0.000740266	0.000340472
0.003130	0.144841  	0.134446  	0.114176  	0.114176  	0.00566944	0.00566944	0.000463537	0.000740848	0.000340752
0.003132	0.144921  	0.134517  	0.114239  	0.114239  	0.00566994	0.00566994	0.000463908	0.00074143	0.000341032
0.003134	0.145001  	0.134589  	0.114302  	0.114302  	0.00567043	0.00567043	0.00046428	0.000742012	0.000341312
0.003136	0.145082  	0.134661  	0.114365  	0.114365  	0.00567093	0.00567093	0.000464651	0.000742594	0.000341592
0.003138	0.145162  	0.134732  	0.114428  	0.114428  	0.00567143	0.00567143	0.000465023	0.000743175	0.000341872
0.003141	0.145243  	0.134804  	0.114491  	0.114491  	0.00567192	0.00567192	0.000465394	0.000743757	0.000342152
0.003143	0.145323  	0.134876  	0.114554  	0.114554  	0.00567242	0.00567242	0.000465766	0.000744339	0.000342432
0.003145	0.145403  	0.134948  	0.114617  	0.114617  	0.00567291	0.00567291	0.000466137	0.000744921	0.000342712
0.003147	0.145484  	0.135019  	0.11468   	0.11468   	0.00567341	0.00567341	0.000466509	0.000745503	0.000342992
0.003149	0.145564  	0.135091  	0.114743  	0.114743  	0.00567391	0.00567391	0.00046688	0.000746085	0.000343272
0.003151	0.145644  	0.135163  	0.114805  	0.114805  	0.0056744 	0.0056744 	0.000467252	0.000746667	0.000343552
0.003154	0.145725  	0.135234  	0.114868  	0.114868  	0.0056749 	0.0056749 	0.000467623	0.000747249	0.000343832
0.003156	0.145805  	0.135306  	0.114931  	0.114931  	0.0056754 	0.0056754 	0.000467995	0.000747831	0.000344112
0.003158	0.145886  	0.135378  	0.114994  	0.114994  	0.00567589	0.00567589	0.000468366	0.000748412	0.000344392
0.003160	0.145966  	0.135449  	0.115057  	0.115057  	0.00567639	0.00567639	0.000468738	0.000748994	0.000344672
0.003162	0.146046  	0.135521  	0.11512   	0.11512   	0.00567688	0.00567688	0.000469109	0.000749576	0.000344952
0.003164	0.146127  	0.135593  	0.115183  	0.115183  	0.00567738	0.00567738	0.000469481	0.000750158	0.000345232
0.003167	0.146207  	0.135665  	0.115246  	0.115246  	0.00567788	0.00567788	0.000469852	0.00075074	0.000345512
0.003169	0.146287  	0.135736  	0.115309  	0.115309  	0.00567837	0.00567837	0.000470224	0.000751322	0.000345792
0.003171	0.146368  	0.135808  	0.115372  	0.115372  	0.00567887	0.00567887	0.000470595	0.000751904	0.000346072
0.003173	0.146448  	0.13588   	0.115435  	0.115435  	0.00567936	0.00567936	0.000470967	0.000752486	0.000346352
0.003175	0.146528  	0.135951  	0.115498  	0.115498  	0.00567986	0.00567986	0.000471338	0.000753068	0.000346632
0.003177	0.146609  	0.136023  	0.115561  	0.115561  	0.00568036	0.00568036	0.00047171	0.000753649	0.000346912
0.003180	0.146689  	0.136095  	0.115624  	0.115624  	0.00568085	0.00568085	0.000472081	0.000754231	0.000347192
0.003182	0.14677   	0.136166  	0.115687  	0.115687  	0.00568135	0.00568135	0.000472453	0.000754813	0.000347472
0.003184	0.14685   	0.136238  	0.11575   	0.11575   	0.00568184	0.00568184	0.000472824	0.000755395	0.000347752
0.003186	0.14693   	0.13631   	0.115813  	0.115813  	0.00568234	0.00568234	0.000473196	0.000755977	0.000348032
0.003188	0.147011  	0.136382  	0.115876  	0.115876  	0.00568284	0.00568284	0.000473567	0.000756559	0.000348312
0.003190	0.147091  	0.136453  	0.115938  	0.115938  	0.00568333	0.00568333	0.000473939	0.000757141	0.000348592
0.003193	0.147171  	0.136525  	0.116001  	0.116001  	0.00568383	0.00568383	0.00047431	0.000757723	0.000348872
0.003195	0.147252  	0.136597  	0.116064  	0.116064  	0.00568432	0.00568432	0.000474682	0.000758305	0.000349152
0.003197	0.147332  	0.136668  	0.116127  	0.116127  	0.00568482	0.00568482	0.000475053	0.000758886	0.000349432
0.003199	0.147413  	0.13674   	0.11619   	0.11619   	0.00568532	0.00568532	0.000475425	0.000759468	0.000349712
0.003201	0.147493  	0.136812  	0.116253  	0.116253  	0.00568581	0.00568581	0.000475796	0.00076005	0.000349992
0.003203	0.147573  	0.136883  	0.116316  	0.116316  	0.00568631	0.00568631	0.000476168	0.000760632	0.000350272
0.003205	0.147654  	0.136955  	0.116379  	0.116379  	0.00568681	0.00568681	0.000476539	0.000761214	0.000350552
0.003208	0.147734  	0.137027  	0.116442  	0.116442  	0.0056873 	0.0056873 	0.000476911	0.000761796	0.000350832
0.003210	0.147814  	0.137099  	0.116505  	0.116505  	0.0056878 	0.0056878 	0.000477282	0.000762378	0.000351112
0.003212	0.147895  	0.13717   	0.116568  	0.116568  	0.00568829	0.00568829	0.000477654	0.00076296	0.000351392
0.003214	0.147975  	0.137242  	0.116631  	0.116631  	0.00568879	0.00568879	0.000478025	0.000763542	0.000351672
0.003216	0.148056  	0.137314  	0.116694  	0.116694  	0.00568929	0.00568929	0.000478397	0.000764123	0.000351952
0.003218	0.148136  	0.137385  	0.116757  	0.116757  	0.00568978	0.00568978	0.000478768	0.000764705	0.000352232
0.003221	0.148216  	0.137457  	0.11682   	0.11682   	0.00569028	0.00569028	0.00047914	0.000765287	0.000352512
0.003223	0.148297  	0.137529  	0.116883  	0.116883  	0.00569077	0.00569077	0.000479511	0.000765869	0.000352792
0.003225	0.148377  	0.1376    	0.116946  	0.116946  	0.00569127	0.00569127	0.000479883	0.000766451	0.000353072
0.003227	0.148457  	0.137672  	0.117009  	0.117009  	0.00569177	0.00569177	0.000480254	0.000767033	0.000353352
0.003229	0.148538  	0.137744  	0.117071  	0.117071  	0.00569226	0.00569226	0.000480626	0.000767615	0.000353632
0.003231	0.148618  	0.137816  	0.117134  	0.117134  	0.00569276	0.00569276	0.000480997	0.000768197	0.000353912
0.003234	0.148699  	0.137887  	0.117197  	0.117197  	0.00569325	0.00569325	0.000481369	0.000768779	0.000354192
0.003236	0.148779  	0.137959  	0.11726   	0.11726   	0.00569375	0.00569375	0.00048174	0.00076936	0.000354472
0.003238	0.148859  	0.138031  	0.117323  	0.117323  	0.00569425	0.00569425	0.000482112	0.000769942	0.000354752
0.003240	0.14894   	0.138102  	0.117386  	0.117386  	0.00569474	0.00569474	0.000482483	0.000770524	0.000355032
0.003242	0.14902   	0.138174  	0.117449  	0.117449  	0.00569524	0.00569524	0.000482855	0.000771106	0.000355312
0.003244	0.1491    	0.138246  	0.117512  	0.117512  	0.00569573	0.00569573	0.000483226	0.000771688	0.000355592
0.003247	0.149181  	0.138317  	0.117575  	0.117575  	0.00569623	0.00569623	0.000483598	0.00077227	0.000355872
0.003249	0.149261  	0.138389  	0.117638  	0.117638  	0.00569673	0.00569673	0.000483969	0.000772852	0.000356152
0.003251	0.149341  	0.138461  	0.117701  	0.117701  	0.00569722	0.00569722	0.000484341	0.000773434	0.000356432
0.003253	0.149422  	0.138533  	0.117764  	0.117764  	0.00569772	0.00569772	0.000484712	0.000774015	0.000356712
0.003255	0.149502  	0.138604  	0.117827  	0.117827  	0.00569821	0.00569821	0.000485084	0.000774597	0.000356992
0.003257	0.149583  	0.138676  	0.11789   	0.11789   	0.00569871	0.00569871	0.000485455	0.000775179	0.000357272
0.003260	0.149663  	0.138748  	0.117953  	0.117953  	0.00569921	0.00569921	0.000485827	0.000775761	0.000357552
0.003262	0.149743  	0.138819  	0.118016  	0.118016  	0.0056997 	0.0056997 	0.000486198	0.000776343	0.000357832