0.001000	0.077983  	0.077983  	0.0589619 	0.0800288 	0		0.000172867	0.0002726 	0.000129885	0
0.001047	0.0816856 	0.0816396 	0.0617267 	0.0837813 	0.000773124	0.000475838	0.000188499	0.000295981	0.000142319
0.001094	0.0853883 	0.0852963 	0.0644914 	0.0875339 	0.00154625	0.000951676	0.000204131	0.000319361	0.000154754
0.001141	0.0890909 	0.0889529 	0.0672562 	0.0912865 	0.00231937	0.00142751	0.000219763	0.000342742	0.000167189
0.001188	0.0927935 	0.0926096 	0.0700209 	0.095039  	0.0030925 	0.00190335	0.000235395	0.000366122	0.000179624
0.001234	0.0964961 	0.0962662 	0.0727856 	0.0987916 	0.00386562	0.00237919	0.000251027	0.000389503	0.000192058
0.001281	0.100199  	0.0999228 	0.0755504 	0.102544  	0.00463874	0.00285503	0.000266659	0.000412884	0.000204493
0.001328	0.103901  	0.103579  	0.0783151 	0.106297  	0.00541187	0.00333087	0.000282291	0.000436264	0.000216928
0.001375	0.107604  	0.107236  	0.0810798 	0.110049  	0.00618499	0.0038067 	0.000297923	0.000459645	0.000229362
0.001422	0.111307  	0.110893  	0.0838446 	0.113802  	0.00695812	0.00428254	0.000313555	0.000483026	0.000241797
0.001469	0.115009  	0.114549  	0.0866093 	0.117554  	0.00773124	0.00475838	0.000329187	0.000506406	0.000254232
0.001516	0.118712  	0.118206  	0.0893741 	0.121307  	0.00850437	0.00523422	0.000344819	0.000529787	0.000266667
0.001563	0.122415  	0.121863  	0.0921388 	0.12506   	0.00927749	0.00571006	0.000360451	0.000553167	0.000279101
0.001610	0.126117  	0.125519  	0.0949035 	0.128812  	0.0100506 	0.00618589	0.000376083	0.000576548	0.000291536
0.001656	0.12982   	0.129176  	0.0976683 	0.132565  	0.0108237 	0.00666173	0.000391715	0.000599929	0.000303971
0.001703	0.133522  	0.132833  	0.100433  	0.136317  	0.0115969 	0.00713757	0.000407347	0.000623309	0.000316405
0.001750	0.137225  	0.136489  	0.103198  	0.14007   	0.01237   	0.00761341	0.000422979	0.00064669	0.00032884
0.001797	0.140928  	0.140146  	0.105962  	0.143822  	0.0131431 	0.00808925	0.000438611	0.000670071	0.000341275
0.001844	0.14463   	0.143803  	0.108727  	0.147575  	0.0139162 	0.00856509	0.000454243	0.000693451	0.00035371
0.001891	0.148333  	0.147459  	0.111492  	0.151328  	0.0146894 	0.00904092	0.000469875	0.000716832	0.000366144
0.001938	0.152036  	0.151116  	0.114257  	0.15508   	0.0154625 	0.00951676	0.000485507	0.000740212	0.000378579
0.001985	0.155738  	0.154772  	0.117021  	0.158833  	0.0162356 	0.0099926 	0.000501139	0.000763593	0.000391014
0.002032	0.15857   	0.157569  	0.119399  	0.161712  	0.0165065 	0.0101662 	0.000518004	0.000788401	0.000404632
0.002078	0.160981  	0.15995   	0.121589  	0.164169  	0.0165339 	0.0101933 	0.000535466	0.000813902	0.000418824
0.002125	0.163391  	0.16233   	0.123778  	0.166625  	0.0165614 	0.0102204 	0.000552928	0.000839402	0.000433015
0.002172	0.165801  	0.16471   	0.125968  	0.169082  	0.0165889 	0.0102475 	0.000570389	0.000864903	0.000447207
0.002219	0.168211  	0.167091  	0.128158  	0.171539  	0.0166164 	0.0102746 	0.000587851	0.000890403	0.000461399
0.002266	0.170622  	0.169471  	0.130347  	0.173995  	0.0166438 	0.0103017 	0.000605313	0.000915903	0.00047559
0.002313	0.173032  	0.171851  	0.132537  	0.176452  	0.0166713 	0.0103288 	0.000622775	0.000941404	0.000489782
0.002360	0.175442  	0.174232  	0.134727  	0.178908  	0.0166988 	0.0103559 	0.000640237	0.000966904	0.000503974
0.002407	0.177853  	0.176612  	0.136916  	0.181365  	0.0167262 	0.010383  	0.000657699	0.000992404	0.000518165
0.002454	0.180263  	0.178992  	0.139106  	0.183822  	0.0167537 	0.0104101 	0.00067516	0.0010179 	0.000532357
0.002500	0.182673  	0.181373  	0.141296  	0.186278  	0.0167812 	0.0104372 	0.000692622	0.00104341	0.000546549
0.002547	0.185083  	0.183753  	0.143486  	0.188735  	0.0168086 	0.0104644 	0.000710084	0.00106891	0.000560741
0.002594	0.187494  	0.186133  	0.145675  	0.191191  	0.0168361 	0.0104915 	0.000727546	0.00109441	0.000574932
0.002641	0.189904  	0.188514  	0.147865  	0.193648  	0.0168636 	0.0105186 	0.000745008	0.00111991	0.000589124
0.002688	0.192314  	0.190894  	0.150055  	0.196104  	0.0168911 	0.0105457 	0.00076247	0.00114541	0.000603316
0.002735	0.194724  	0.193274  	0.152244  	0.198561  	0.0169185 	0.0105728 	0.000779931	0.00117091	0.000617507
0.002782	0.197135  	0.195655  	0.154434  	0.201018  	0.016946  	0.0105999 	0.000797393	0.00119641	0.000631699
0.002829	0.199545  	0.198035  	0.156624  	0.203474  	0.0169735 	0.010627  	0.000814855	0.00122191	0.000645891
0.002876	0.201955  	0.200415  	0.158814  	0.205931  	0.0170009 	0.0106541 	0.000832317	0.00124741	0.000660082
0.002922	0.204366  	0.202796  	0.161003  	0.208387  	0.0170284 	0.0106812 	0.000849779	0.00127291	0.000674274
0.002969	0.206776  	0.205176  	0.163193  	0.210844  	0.0170559 	0.0107083 	0.000867241	0.00129841	0.000688466
0.003016	0.209186  	0.207556  	0.165383  	0.213301  	0.0170834 	0.0107354 	0.000884702	0.00132391	0.000702657
0.003063	0.211596  	0.209937  	0.167572  	0.215757  	0.0171108 	0.0107625 	0.000902164	0.00134941	0.000716849
0.003110	0.214007  	0.212317  	0.169762  	0.218214  	0.0171383 	0.0107896 	0.000919626	0.00137491	0.000731041
0.003157	0.216417  	0.214697  	0.171952  	0.22067   	0.0171658 	0.0108167 	0.000937088	0.00140041	0.000745233
0.003204	0.218827  	0.217078  	0.174141  	0.223127  	0.0171932 	0.0108438 	0.00095455	0.00142591	0.000759424
0.003251	0.221237  	0.219458  	0.176331  	0.225583  	0.0172207 	0.010871  	0.000972012	0.00145141	0.000773616
0.003298	0.223648  	0.221838  	0.178521  	0.22804   	0.0172482 	0.0108981 	0.000989474	0.00147691	0.000787808
0.003345	0.226058  	0.224219  	0.180711  	0.230497  	0.0172756 	0.0109252 	0.00100694	0.00150241	0.000801999
0.003391	0.228468  	0.226599  	0.1829    	0.232953  	0.0173031 	0.0109523 	0.0010244 	0.00152791	0.000816191
0.003438	0.230879  	0.228979  	0.18509   	0.23541   	0.0173306 	0.0109794 	0.00104186	0.00155341	0.000830383
0.003485	0.233289  	0.23136   	0.18728   	0.237866  	0.0173581 	0.0110065 	0.00105932	0.00157891	0.000844574
0.003532	0.235699  	0.23374   	0.189469  	0.240323  	0.0173855 	0.0110336 	0.00107678	0.00160441	0.000858766
0.003579	0.238109  	0.23612   	0.191659  	0.24278   	0.017413  	0.0110607 	0.00109424	0.00162991	0.000872958
0.003626	0.24052   	0.238501  	0.193849  	0.245236  	0.0174405 	0.0110878 	0.00111171	0.00165541	0.000887149
0.003673	0.24293   	0.240881  	0.196038  	0.247693  	0.0174679 	0.0111149 	0.00112917	0.00168091	0.000901341
0.003720	0.24534   	0.243261  	0.198228  	0.250149  	0.0174954 	0.011142  	0.00114663	0.00170641	0.000915533
0.003767	0.24775   	0.245642  	0.200418  	0.252606  	0.0175229 	0.0111691 	0.00116409	0.00173192	0.000929724
0.003813	0.250161  	0.248022  	0.202608  	0.255062  	0.0175504 	0.0111962 	0.00118155	0.00175742	0.000943916
0.003860	0.252571  	0.250403  	0.204797  	0.257519  	0.0175778 	0.0112233 	0.00119902	0.00178292	0.000958108
0.003907	0.254981  	0.252783  	0.206987  	0.259976  	0.0176053 	0.0112504 	0.00121648	0.00180842	0.0009723 
0.003954	0.257392  	0.255163  	0.209177  	0.262432  	0.0176328 	0.0112776 	0.00123394	0.00183392	0.000986491
0.004001	0.259802  	0.257544  	0.211366  	0.264889  	0.0176602 	0.0113047 	0.0012514 	0.00185942	0.00100068
0.004048	0.262212  	0.259924  	0.213556  	0.267345  	0.0176877 	0.0113318 	0.00126886	0.00188492	0.00101487
0.004095	0.264622  	0.262304  	0.215746  	0.269802  	0.0177152 	0.0113589 	0.00128632	0.00191042	0.00102907
0.004142	0.267033  	0.264685  	0.217936  	0.272259  	0.0177426 	0.011386  	0.00130379	0.00193592	0.00104326
0.004189	0.269443  	0.267065  	0.220125  	0.274715  	0.0177701 	0.0114131 	0.00132125	0.00196142	0.00105745
0.004235	0.271853  	0.269445  	0.222315  	0.277172  	0.0177976 	0.0114402 	0.00133871	0.00198692	0.00107164
0.004282	0.274263  	0.271826  	0.224505  	0.279628  	0.0178251 	0.0114673 	0.00135617	0.00201242	0.00108583
0.004329	0.276674  	0.274206  	0.226694  	0.282085  	0.0178525 	0.0114944 	0.00137363	0.00203792	0.00110002
0.004376	0.279084  	0.276586  	0.228884  	0.284541  	0.01788   	0.0115215 	0.0013911 	0.00206342	0.00111422
0.004423	0.281494  	0.278967  	0.231074  	0.286998  	0.0179075 	0.0115486 	0.00140856	0.00208892	0.00112841
0.004470	0.283905  	0.281347  	0.233263  	0.289455  	0.0179349 	0.0115757 	0.00142602	0.00211442	0.0011426 
0.004517	0.286315  	0.283727  	0.235453  	0.291911  	0.0179624 	0.0116028 	0.00144348	0.00213992	0.00115679
0.004564	0.288725  	0.286108  	0.237643  	0.294368  	0.0179899 	0.0116299 	0.00146094	0.00216542	0.00117098
0.004611	0.291135  	0.288488  	0.239833  	0.296824  	0.0180174 	0.011657  	0.0014784 	0.00219092	0.00118517
0.004657	0.293546  	0.290868  	0.242022  	0.299281  	0.0180448 	0.0116842 	0.00149587	0.00221642	0.00119937
0.004704	0.295956  	0.293249  	0.244212  	0.301738  	0.0180723 	0.0117113 	0.00151333	0.00224192	0.00121356
0.004751	0.298366  	0.295629  	0.246402  	0.304194  	0.0180998 	0.0117384 	0.00153079	0.00226742	0.00122775
0.004798	0.300776  	0.298009  	0.248591  	0.306651  	0.0181272 	0.0117655 	0.00154825	0.00229292	0.00124194
0.004845	0.303187  	0.30039   	0.250781  	0.309107  	0.0181547 	0.0117926 	0.00156571	0.00231842	0.00125613
0.004892	0.305597  	0.30277   	0.252971  	0.311564  	0.0181822 	0.0118197 	0.00158318	0.00234392	0.00127033
0.004939	0.308007  	0.30515   	0.255161  	0.31402   	0.0182096 	0.0118468 	0.00160064	0.00236942	0.00128452
0.004986	0.310418  	0.307531  	0.25735   	0.316477  	0.0182371 	0.0118739 	0.0016181 	0.00239492	0.00129871
0.005033	0.312297  	0.309386  	0.25914   	0.318395  	0.0182458 	0.0118826 	0.00163449	0.00241863	0.00131215
0.005079	0.313942  	0.311011  	0.260753  	0.320077  	0.0182462 	0.0118832 	0.00165042	0.00244155	0.00132525
0.005126	0.315587  	0.312636  	0.262367  	0.321758  	0.0182467 	0.0118838 	0.00166634	0.00246446	0.00133835
0.005173	0.317232  	0.31426   	0.26398   	0.323439  	0.0182471 	0.0118843 	0.00168227	0.00248738	0.00135146
0.005220	0.318877  	0.315885  	0.265594  	0.325121  	0.0182475 	0.0118849 	0.00169819	0.00251029	0.00136456
0.005267	0.320522  	0.31751   	0.267207  	0.326802  	0.0182479 	0.0118855 	0.00171411	0.00253321	0.00137767
0.005314	0.322167  	0.319135  	0.26882   	0.328483  	0.0182483 	0.0118861 	0.00173004	0.00255613	0.00139077
0.005361	0.323813  	0.320759  	0.270434  	0.330165  	0.0182488 	0.0118867 	0.00174596	0.00257904	0.00140388
0.005408	0.325458  	0.322384  	0.272047  	0.331846  	0.0182492 	0.0118873 	0.00176189	0.00260196	0.00141698
0.005455	0.327103  	0.324009  	0.273661  	0.333528  	0.0182496 	0.0118878 	0.00177781	0.00262487	0.00143009
0.005501	0.328748  	0.325633  	0.275274  	0.335209  	0.01825   	0.0118884 	0.00179374	0.00264779	0.00144319
0.005548	0.330393  	0.327258  	0.276888  	0.33689   	0.0182505 	0.011889  	0.00180966	0.00267071	0.0014563 
0.005595	0.332038  	0.328883  	0.278501  	0.338572  	0.0182509 	0.0118896 	0.00182558	0.00269362	0.0014694 
0.005642	0.333683  	0.330508  	0.280115  	0.340253  	0.0182513 	0.0118902 	0.00184151	0.00271654	0.0014825 
0.005689	0.335329  	0.332132  	0.281728  	0.341934  	0.0182517 	0.0118908 	0.00185743	0.00273945	0.00149561
0.005736	0.336974  	0.333757  	0.283341  	0.343616  	0.0182521 	0.0118914 	0.00187336	0.00276237	0.00150871
0.005783	0.338619  	0.335382  	0.284955  	0.345297  	0.0182526 	0.0118919 	0.00188928	0.00278529	0.00152182
0.005830	0.340264  	0.337006  	0.286568  	0.346978  	0.018253  	0.0118925 	0.00190521	0.0028082 	0.00153492
0.005877	0.341909  	0.338631  	0.288182  	0.34866   	0.0182534 	0.0118931 	0.00192113	0.00283112	0.00154803
0.005923	0.343554  	0.340256  	0.289795  	0.350341  	0.0182538 	0.0118937 	0.00193705	0.00285403	0.00156113
0.005970	0.3452    	0.341881  	0.291409  	0.352022  	0.0182543 	0.0118943 	0.00195298	0.00287695	0.00157424
0.006017	0.346845  	0.343505  	0.293022  	0.353704  	0.0182547 	0.0118949 	0.0019689 	0.00289986	0.00158734
0.006064	0.34849   	0.34513   	0.294635  	0.355385  	0.0182551 	0.0118954 	0.00198483	0.00292278	0.00160045
0.006111	0.350135  	0.346755  	0.296249  	0.357067  	0.0182555 	0.011896  	0.00200075	0.0029457 	0.00161355
0.006158	0.35178   	0.348379  	0.297862  	0.358748  	0.0182559 	0.0118966 	0.00201667	0.00296861	0.00162665
0.006205	0.353425  	0.350004  	0.299476  	0.360429  	0.0182564 	0.0118972 	0.0020326 	0.00299153	0.00163976
0.006252	0.35507   	0.351629  	0.301089  	0.362111  	0.0182568 	0.0118978 	0.00204852	0.00301444	0.00165286
0.006299	0.356716  	0.353254  	0.302703  	0.363792  	0.0182572 	0.0118984 	0.00206445	0.00303736	0.00166597
0.006345	0.358361  	0.354878  	0.304316  	0.365473  	0.0182576 	0.0118989 	0.00208037	0.00306028	0.00167907
0.006392	0.360006  	0.356503  	0.30593   	0.367155  	0.0182581 	0.0118995 	0.0020963 	0.00308319	0.00169218
0.006439	0.361651  	0.358128  	0.307543  	0.368836  	0.0182585 	0.0119001 	0.00211222	0.00310611	0.00170528
0.006486	0.363296  	0.359752  	0.309156  	0.370517  	0.0182589 	0.0119007 	0.00212814	0.00312902	0.00171839
0.006533	0.364941  	0.361377  	0.31077   	0.372199  	0.0182593 	0.0119013 	0.00214407	0.00315194	0.00173149
0.006580	0.366586  	0.363002  	0.312383  	0.37388   	0.0182597 	0.0119019 	0.00215999	0.00317486	0.0017446 
0.006627	0.368232  	0.364626  	0.313997  	0.375561  	0.0182602 	0.0119024 	0.00217592	0.00319777	0.0017577 
0.006674	0.369877  	0.366251  	0.31561   	0.377243  	0.0182606 	0.011903  	0.00219184	0.00322069	0.0017708 
0.006721	0.371522  	0.367876  	0.317224  	0.378924  	0.018261  	0.0119036 	0.00220777	0.0032436 	0.00178391
0.006767	0.373167  	0.369501  	0.318837  	0.380606  	0.0182614 	0.0119042 	0.00222369	0.00326652	0.00179701
0.006814	0.374812  	0.371125  	0.320451  	0.382287  	0.0182619 	0.0119048 	0.00223961	0.00328944	0.00181012
0.006861	0.376457  	0.37275   	0.322064  	0.383968  	0.0182623 	0.0119054 	0.00225554	0.00331235	0.00182322
0.006908	0.378102  	0.374375  	0.323677  	0.38565   	0.0182627 	0.011906  	0.00227146	0.00333527	0.00183633
0.006955	0.379748  	0.375999  	0.325291  	0.387331  	0.0182631 	0.0119065 	0.00228739	0.00335818	0.00184943
0.007002	0.381393  	0.377624  	0.326904  	0.389012  	0.0182635 	0.0119071 	0.00230331	0.0033811 	0.00186254
0.007049	0.383038  	0.379249  	0.328518  	0.390694  	0.018264  	0.0119077 	0.00231923	0.00340402	0.00187564
0.007096	0.384683  	0.380874  	0.330131  	0.392375  	0.0182644 	0.0119083 	0.00233516	0.00342693	0.00188875
0.007143	0.386328  	0.382498  	0.331745  	0.394056  	0.0182648 	0.0119089 	0.00235108	0.00344985	0.00190185
0.007190	0.387973  	0.384123  	0.333358  	0.395738  	0.0182652 	0.0119095 	0.00236701	0.00347276	0.00191495
0.007236	0.389618  	0.385748  	0.334971  	0.397419  	0.0182657 	0.01191   	0.00238293	0.00349568	0.00192806
0.007283	0.391264  	0.387372  	0.336585  	0.3991    	0.0182661 	0.0119106 	0.00239886	0.00351859	0.00194116
0.007330	0.392909  	0.388997  	0.338198  	0.400782  	0.0182665 	0.0119112 	0.00241478	0.00354151	0.00195427
0.007377	0.394554  	0.390622  	0.339812  	0.402463  	0.0182669 	0.0119118 	0.0024307 	0.00356443	0.00196737
0.007424	0.396199  	0.392247  	0.341425  	0.404145  	0.0182673 	0.0119124 	0.00244663	0.00358734	0.00198048
0.007471	0.397844  	0.393871  	0.343039  	0.405826  	0.0182678 	0.011913  	0.00246255	0.00361026	0.00199358
0.007518	0.399489  	0.395496  	0.344652  	0.407507  	0.0182682 	0.0119135 	0.00247848	0.00363317	0.00200669
0.007565	0.401134  	0.397121  	0.346266  	0.409189  	0.0182686 	0.0119141 	0.0024944 	0.00365609	0.00201979
0.007612	0.40278   	0.398745  	0.347879  	0.41087   	0.018269  	0.0119147 	0.00251033	0.00367901	0.0020329 
0.007658	0.404425  	0.40037   	0.349492  	0.412551  	0.0182695 	0.0119153 	0.00252625	0.00370192	0.002046  
0.007705	0.40607   	0.401995  	0.351106  	0.414233  	0.0182699 	0.0119159 	0.00254217	0.00372484	0.00205911
0.007752	0.407715  	0.40362   	0.352719  	0.415914  	0.0182703 	0.0119165 	0.0025581 	0.00374775	0.00207221
0.007799	0.40936   	0.405244  	0.354333  	0.417595  	0.0182707 	0.011917  	0.00257402	0.00377067	0.00208531
0.007846	0.411005  	0.406869  	0.355946  	0.419277  	0.0182711 	0.0119176 	0.00258995	0.00379359	0.00209842
0.007893	0.41265   	0.408494  	0.35756   	0.420958  	0.0182716 	0.0119182 	0.00260587	0.0038165 	0.00211152
0.007940	0.414296  	0.410118  	0.359173  	0.422639  	0.018272  	0.0119188 	0.00262179	0.00383942	0.00212463
0.007987	0.415941  	0.411743  	0.360787  	0.424321  	0.0182724 	0.0119194 	0.00263772	0.00386233	0.00213773
0.008034	0.417375  	0.41316   	0.36221   	0.425787  	0.0182738 	0.0119214 	0.0026528 	0.00388393	0.00215019
0.008080	0.418725  	0.414493  	0.363558  	0.427169  	0.0182756 	0.011924  	0.00266754	0.00390499	0.0021624 
0.008127	0.420076  	0.415827  	0.364906  	0.42855   	0.0182774 	0.0119265 	0.00268229	0.00392606	0.0021746 
0.008174	0.421426  	0.41716   	0.366255  	0.429931  	0.0182792 	0.0119291 	0.00269703	0.00394713	0.00218681
0.008221	0.422776  	0.418494  	0.367603  	0.431312  	0.018281  	0.0119317 	0.00271178	0.0039682 	0.00219901
0.008268	0.424126  	0.419827  	0.368951  	0.432693  	0.0182829 	0.0119342 	0.00272652	0.00398926	0.00221122
0.008315	0.425477  	0.421161  	0.370299  	0.434074  	0.0182847 	0.0119368 	0.00274127	0.00401033	0.00222343
0.008362	0.426827  	0.422494  	0.371647  	0.435455  	0.0182865 	0.0119394 	0.00275601	0.0040314 	0.00223563
0.008409	0.428177  	0.423828  	0.372995  	0.436836  	0.0182883 	0.011942  	0.00277076	0.00405247	0.00224784
0.008456	0.429528  	0.425161  	0.374343  	0.438217  	0.0182901 	0.0119445 	0.0027855 	0.00407353	0.00226004
0.008502	0.430878  	0.426495  	0.375691  	0.439598  	0.0182919 	0.0119471 	0.00280024	0.0040946 	0.00227225
0.008549	0.432228  	0.427828  	0.377039  	0.440979  	0.0182937 	0.0119497 	0.00281499	0.00411567	0.00228445
0.008596	0.433578  	0.429162  	0.378387  	0.442361  	0.0182955 	0.0119523 	0.00282973	0.00413674	0.00229666
0.008643	0.434929  	0.430495  	0.379735  	0.443742  	0.0182973 	0.0119548 	0.00284448	0.0041578 	0.00230886
0.008690	0.436279  	0.431829  	0.381084  	0.445123  	0.0182991 	0.0119574 	0.00285922	0.00417887	0.00232107
0.008737	0.437629  	0.433162  	0.382432  	0.446504  	0.0183009 	0.01196   	0.00287397	0.00419994	0.00233327
0.008784	0.43898   	0.434496  	0.38378   	0.447885  	0.0183027 	0.0119625 	0.00288871	0.004221  	0.00234548
0.008831	0.44033   	0.435829  	0.385128  	0.449266  	0.0183045 	0.0119651 	0.00290346	0.00424207	0.00235768
0.008878	0.44168   	0.437163  	0.386476  	0.450647  	0.0183063 	0.0119677 	0.0029182 	0.00426314	0.00236989
0.008924	0.44303   	0.438496  	0.387824  	0.452028  	0.0183081 	0.0119703 	0.00293294	0.00428421	0.00238209
0.008971	0.444381  	0.43983   	0.389172  	0.453409  	0.0183099 	0.0119728 	0.00294769	0.00430527	0.0023943 
0.009018	0.445731  	0.441163  	0.39052   	0.45479   	0.0183117 	0.0119754 	0.00296243	0.00432634	0.0024065 
0.009065	0.447081  	0.442497  	0.391868  	0.456172  	0.0183136 	0.011978  	0.00297718	0.00434741	0.00241871
0.009112	0.448432  	0.44383   	0.393216  	0.457553  	0.0183154 	0.0119805 	0.00299192	0.00436848	0.00243091
0.009159	0.449782  	0.445164  	0.394565  	0.458934  	0.0183172 	0.0119831 	0.00300667	0.00438954	0.00244312
0.009206	0.451132  	0.446497  	0.395913  	0.460315  	0.018319  	0.0119857 	0.00302141	0.00441061	0.00245532
0.009253	0.452482  	0.447831  	0.397261  	0.461696  	0.0183208 	0.0119883 	0.00303616	0.00443168	0.00246753
0.009300	0.453833  	0.449164  	0.398609  	0.463077  	0.0183226 	0.0119908 	0.0030509 	0.00445274	0.00247973
0.009346	0.455183  	0.450498  	0.399957  	0.464458  	0.0183244 	0.0119934 	0.00306564	0.00447381	0.00249194
0.009393	0.456533  	0.451831  	0.401305  	0.465839  	0.0183262 	0.011996  	0.00308039	0.00449488	0.00250414
0.009440	0.457883  	0.453165  	0.402653  	0.46722   	0.018328  	0.0119985 	0.00309513	0.00451595	0.00251635
0.009487	0.459234  	0.454498  	0.404001  	0.468601  	0.0183298 	0.0120011 	0.00310988	0.00453701	0.00252855
0.009534	0.460584  	0.455832  	0.405349  	0.469983  	0.0183316 	0.0120037 	0.00312462	0.00455808	0.00254076
0.009581	0.461934  	0.457165  	0.406697  	0.471364  	0.0183334 	0.0120063 	0.00313937	0.00457915	0.00255296
0.009628	0.463285  	0.458499  	0.408046  	0.472745  	0.0183352 	0.0120088 	0.00315411	0.00460022	0.00256517
0.009675	0.464635  	0.459832  	0.409394  	0.474126  	0.018337  	0.0120114 	0.00316885	0.00462128	0.00257738
0.009722	0.465985  	0.461166  	0.410742  	0.475507  	0.0183388 	0.012014  	0.0031836 	0.00464235	0.00258958
0.009768	0.467335  	0.462499  	0.41209   	0.476888  	0.0183406 	0.0120166 	0.00319834	0.00466342	0.00260179
0.009815	0.468686  	0.463833  	0.413438  	0.478269  	0.0183424 	0.0120191 	0.00321309	0.00468448	0.00261399
0.009862	0.470036  	0.465166  	0.414786  	0.47965   	0.0183442 	0.0120217 	0.00322783	0.00470555	0.0026262 
0.009909	0.471386  	0.4665    	0.416134  	0.481031  	0.0183461 	0.0120243 	0.00324258	0.00472662	0.0026384 
0.009956	0.472737  	0.467833  	0.417482  	0.482412  	0.0183479 	0.0120268 	0.00325732	0.00474769	0.00265061
0.010003	0.474073  	0.469153  	0.418817  	0.483779  	0.0183497 	0.0120295 	0.00327201	0.00476866	0.00266277
0.010050	0.475199  	0.470265  	0.419949  	0.484928  	0.0183527 	0.0120339 	0.0032858 	0.00478825	0.00267424
0.010097	0.476325  	0.471377  	0.42108   	0.486077  	0.0183557 	0.0120382 	0.00329959	0.00480783	0.00268571
0.010144	0.477451  	0.472489  	0.422212  	0.487225  	0.0183587 	0.0120425 	0.00331338	0.00482742	0.00269718
0.010190	0.478577  	0.473602  	0.423344  	0.488374  	0.0183617 	0.0120468 	0.00332717	0.004847  	0.00270865
0.010237	0.479703  	0.474714  	0.424475  	0.489523  	0.0183647 	0.0120512 	0.00334096	0.00486659	0.00272012
0.010284	0.480829  	0.475826  	0.425607  	0.490672  	0.0183677 	0.0120555 	0.00335475	0.00488617	0.00273159
0.010331	0.481955  	0.476938  	0.426739  	0.49182   	0.0183707 	0.0120598 	0.00336854	0.00490576	0.00274306
0.010378	0.483081  	0.47805   	0.42787   	0.492969  	0.0183737 	0.0120642 	0.00338233	0.00492534	0.00275453
0.010425	0.484208  	0.479162  	0.429002  	0.494118  	0.0183767 	0.0120685 	0.00339612	0.00494493	0.002766  
0.010472	0.485334  	0.480274  	0.430134  	0.495267  	0.0183797 	0.0120728 	0.00340991	0.00496451	0.00277747
0.010519	0.48646   	0.481386  	0.431265  	0.496416  	0.0183827 	0.0120772 	0.0034237 	0.0049841 	0.00278895
0.010566	0.487586  	0.482498  	0.432397  	0.497564  	0.0183857 	0.0120815 	0.00343749	0.00500368	0.00280042
0.010612	0.488712  	0.48361   	0.433529  	0.498713  	0.0183887 	0.0120858 	0.00345128	0.00502327	0.00281189
0.010659	0.489838  	0.484722  	0.434661  	0.499862  	0.0183917 	0.0120902 	0.00346507	0.00504285	0.00282336
0.010706	0.490964  	0.485834  	0.435792  	0.501011  	0.0183947 	0.0120945 	0.00347886	0.00506244	0.00283483
0.010753	0.49209   	0.486947  	0.436924  	0.502159  	0.0183977 	0.0120988 	0.00349265	0.00508202	0.0028463 
0.010800	0.493216  	0.488059  	0.438056  	0.503308  	0.0184007 	0.0121032 	0.00350644	0.00510161	0.00285777
0.010847	0.494342  	0.489171  	0.439187  	0.504457  	0.0184037 	0.0121075 	0.00352023	0.00512119	0.00286924
0.010894	0.495468  	0.490283  	0.440319  	0.505606  	0.0184067 	0.0121118 	0.00353402	0.00514078	0.00288071
0.010941	0.496594  	0.491395  	0.441451  	0.506755  	0.0184097 	0.0121161 	0.00354781	0.00516036	0.00289218
0.010988	0.49772   	0.492507  	0.442582  	0.507903  	0.0184127 	0.0121205 	0.0035616 	0.00517995	0.00290365
0.011035	0.498846  	0.493619  	0.443714  	0.509052  	0.0184157 	0.0121248 	0.00357539	0.00519953	0.00291512
0.011081	0.499973  	0.494731  	0.444846  	0.510201  	0.0184187 	0.0121291 	0.00358918	0.00521912	0.0029266 
0.011128	0.501099  	0.495843  	0.445977  	0.51135   	0.0184217 	0.0121335 	0.00360297	0.0052387 	0.00293807
0.011175	0.502225  	0.496955  	0.447109  	0.512498  	0.0184247 	0.0121378 	0.00361676	0.00525829	0.00294954
0.011222	0.503351  	0.498067  	0.448241  	0.513647  	0.0184276 	0.0121421 	0.00363055	0.00527787	0.00296101
0.011269	0.504477  	0.49918   	0.449373  	0.514796  	0.0184306 	0.0121465 	0.00364434	0.00529746	0.00297248
0.011316	0.505603  	0.500292  	0.450504  	0.515945  	0.0184336 	0.0121508 	0.00365813	0.00531705	0.00298395
0.011363	0.506729  	0.501404  	0.451636  	0.517094  	0.0184366 	0.0121551 	0.00367192	0.00533663	0.00299542
0.011410	0.507855  	0.502516  	0.452768  	0.518242  	0.0184396 	0.0121595 	0.00368571	0.00535622	0.00300689
0.011457	0.508981  	0.503628  	0.453899  	0.519391  	0.0184426 	0.0121638 	0.0036995 	0.0053758 	0.00301836
0.011503	0.510107  	0.50474   	0.455031  	0.52054   	0.0184456 	0.0121681 	0.00371329	0.00539539	0.00302983
0.011550	0.511233  	0.505852  	0.456163  	0.521689  	0.0184486 	0.0121724 	0.00372708	0.00541497	0.0030413 
0.011597	0.512359  	0.506964  	0.457294  	0.522837  	0.0184516 	0.0121768 	0.00374087	0.00543456	0.00305278
0.011644	0.513485  	0.508076  	0.458426  	0.523986  	0.0184546 	0.0121811 	0.00375466	0.00545414	0.00306425
0.011691	0.514611  	0.509188  	0.459558  	0.525135  	0.0184576 	0.0121854 	0.00376845	0.00547373	0.00307572
0.011738	0.515738  	0.5103    	0.46069   	0.526284  	0.0184606 	0.0121898 	0.00378224	0.00549331	0.00308719
0.011785	0.516864  	0.511412  	0.461821  	0.527433  	0.0184636 	0.0121941 	0.00379603	0.0055129 	0.00309866
0.011832	0.51799   	0.512525  	0.462953  	0.528581  	0.0184666 	0.0121984 	0.00380982	0.00553248	0.00311013
0.011879	0.519116  	0.513637  	0.464085  	0.52973   	0.0184696 	0.0122028 	0.00382361	0.00555207	0.0031216 
0.011925	0.520242  	0.514749  	0.465216  	0.530879  	0.0184726 	0.0122071 	0.0038374 	0.00557165	0.00313307
0.011972	0.521368  	0.515861  	0.466348  	0.532028  	0.0184756 	0.0122114 	0.00385119	0.00559124	0.00314454
0.012019	0.522494  	0.516973  	0.46748   	0.533176  	0.0184786 	0.0122158 	0.00386498	0.00561082	0.00315601
0.012066	0.52362   	0.518085  	0.468611  	0.534325  	0.0184816 	0.0122201 	0.00387877	0.00563041	0.00316748
0.012113	0.524746  	0.519197  	0.469743  	0.535474  	0.0184846 	0.0122244 	0.00389256	0.00564999	0.00317895
0.012160	0.525872  	0.520309  	0.470875  	0.536623  	0.0184876 	0.0122288 	0.00390635	0.00566958	0.00319043
0.012207	0.526998  	0.521421  	0.472006  	0.537772  	0.0184906 	0.0122331 	0.00392014	0.00568916	0.0032019 
0.012254	0.528124  	0.522533  	0.473138  	0.53892   	0.0184936 	0.0122374 	0.00393393	0.00570875	0.00321337
0.012301	0.52925   	0.523645  	0.47427   	0.540069  	0.0184966 	0.0122417 	0.00394772	0.00572833	0.00322484
0.012347	0.530377  	0.524758  	0.475402  	0.541218  	0.0184996 	0.0122461 	0.00396151	0.00574792	0.00323631
0.012394	0.531503  	0.52587   	0.476533  	0.542367  	0.0185026 	0.0122504 	0.0039753 	0.0057675 	0.00324778
0.012441	0.532629  	0.526982  	0.477665  	0.543515  	0.0185056 	0.0122547 	0.00398909	0.00578709	0.00325925
0.012488	0.533755  	0.528094  	0.478797  	0.544664  	0.0185086 	0.0122591 	0.00400288	0.00580667	0.00327072
0.012535	0.534881  	0.529206  	0.479928  	0.545813  	0.0185116 	0.0122634 	0.00401667	0.00582626	0.00328219
0.012582	0.536007  	0.530318  	0.48106   	0.546962  	0.0185145 	0.0122677 	0.00403046	0.00584584	0.00329366
0.012629	0.537133  	0.53143   	0.482192  	0.548111  	0.0185175 	0.0122721 	0.00404425	0.00586543	0.00330513
0.012676	0.538259  	0.532542  	0.483323  	0.549259  	0.0185205 	0.0122764 	0.00405804	0.00588501	0.00331661
0.012723	0.539385  	0.533654  	0.484455  	0.550408  	0.0185235 	0.0122807 	0.00407183	0.0059046 	0.00332808
0.012769	0.540511  	0.534766  	0.485587  	0.551557  	0.0185265 	0.0122851 	0.00408562	0.00592418	0.00333955
0.012816	0.541637  	0.535878  	0.486718  	0.552706  	0.0185295 	0.0122894 	0.00409941	0.00594377	0.00335102
0.012863	0.542763  	0.53699   	0.48785   	0.553854  	0.0185325 	0.0122937 	0.0041132 	0.00596335	0.00336249
0.012910	0.543889  	0.538103  	0.488982  	0.555003  	0.0185355 	0.0122981 	0.00412699	0.00598294	0.00337396
0.012957	0.545015  	0.539215  	0.490114  	0.556152  	0.0185385 	0.0123024 	0.00414078	0.00600252	0.00338543
0.013004	0.546142  	0.540327  	0.491245  	0.557301  	0.0185415 	0.0123067 	0.00415458	0.00602211	0.0033969 
0.013051	0.547268  	0.541439  	0.492377  	0.55845   	0.0185445 	0.012311  	0.00416837	0.00604169	0.00340837
0.013098	0.548394  	0.542551  	0.493509  	0.559598  	0.0185475 	0.0123154 	0.00418216	0.00606128	0.00341984
0.013145	0.54952   	0.543663  	0.49464   	0.560747  	0.0185505 	0.0123197 	0.00419595	0.00608086	0.00343131
0.013191	0.550646  	0.544775  	0.495772  	0.561896  	0.0185535 	0.012324  	0.00420974	0.00610045	0.00344278
0.013238	0.551772  	0.545887  	0.496904  	0.563045  	0.0185565 	0.0123284 	0.00422353	0.00612003	0.00345426
0.013285	0.552898  	0.546999  	0.498035  	0.564193  	0.0185595 	0.0123327 	0.00423732	0.00613962	0.00346573
0.013332	0.554024  	0.548111  	0.499167  	0.565342  	0.0185625 	0.012337  	0.00425111	0.00615921	0.0034772 
0.013379	0.55515   	0.549223  	0.500299  	0.566491  	0.0185655 	0.0123414 	0.0042649 	0.00617879	0.00348867
0.013426	0.556276  	0.550335  	0.501431  	0.56764   	0.0185685 	0.0123457 	0.00427869	0.00619838	0.00350014
0.013473	0.557402  	0.551448  	0.502562  	0.568789  	0.0185715 	0.01235   	0.00429248	0.00621796	0.00351161
0.013520	0.558528  	0.55256   	0.503694  	0.569937  	0.0185745 	0.0123544 	0.00430627	0.00623755	0.00352308
0.013567	0.559654  	0.553672  	0.504826  	0.571086  	0.0185775 	0.0123587 	0.00432006	0.00625713	0.00353455
0.013613	0.56078   	0.554784  	0.505957  	0.572235  	0.0185805 	0.012363  	0.00433385	0.00627672	0.00354602
0.013660	0.561907  	0.555896  	0.507089  	0.573384  	0.0185835 	0.0123674 	0.00434764	0.0062963 	0.00355749
0.013707	0.563033  	0.557008  	0.508221  	0.574532  	0.0185865 	0.0123717 	0.00436143	0.00631589	0.00356896
0.013754	0.564159  	0.55812   	0.509352  	0.575681  	0.0185895 	0.012376  	0.00437522	0.00633547	0.00358044
0.013801	0.565285  	0.559232  	0.510484  	0.57683   	0.0185925 	0.0123803 	0.00438901	0.00635506	0.00359191
0.013848	0.566411  	0.560344  	0.511616  	0.577979  	0.0185955 	0.0123847 	0.0044028 	0.00637464	0.00360338
0.013895	0.567537  	0.561456  	0.512747  	0.579128  	0.0185984 	0.012389  	0.00441659	0.00639423	0.00361485
0.013942	0.568663  	0.562568  	0.513879  	0.580276  	0.0186014 	0.0123933 	0.00443038	0.00641381	0.00362632
0.013989	0.569789  	0.563681  	0.515011  	0.581425  	0.0186044 	0.0123977 	0.00444417	0.0064334 	0.00363779
0.014035	0.570915  	0.564793  	0.516143  	0.582574  	0.0186074 	0.012402  	0.00445796	0.00645298	0.00364926
0.014082	0.572041  	0.565905  	0.517274  	0.583723  	0.0186104 	0.0124063 	0.00447175	0.00647257	0.00366073
0.014129	0.573167  	0.567017  	0.518406  	0.584871  	0.0186134 	0.0124107 	0.00448554	0.00649215	0.0036722 
0.014176	0.574293  	0.568129  	0.519538  	0.58602   	0.0186164 	0.012415  	0.00449933	0.00651174	0.00368367
0.014223	0.575419  	0.569241  	0.520669  	0.587169  	0.0186194 	0.0124193 	0.00451312	0.00653132	0.00369514
0.014270	0.576545  	0.570353  	0.521801  	0.588318  	0.0186224 	0.0124237 	0.00452691	0.00655091	0.00370661
0.014317	0.577672  	0.571465  	0.522933  	0.589467  	0.0186254 	0.012428  	0.0045407 	0.00657049	0.00371809
0.014364	0.578798  	0.572577  	0.524064  	0.590615  	0.0186284 	0.0124323 	0.00455449	0.00659008	0.00372956
0.014411	0.579924  	0.573689  	0.525196  	0.591764  	0.0186314 	0.0124367 	0.00456828	0.00660966	0.00374103
0.014457	0.58105   	0.574801  	0.526328  	0.592913  	0.0186344 	0.012441  	0.00458207	0.00662925	0.0037525 
0.014504	0.582176  	0.575913  	0.527459  	0.594062  	0.0186374 	0.0124453 	0.00459586	0.00664883	0.00376397
0.014551	0.583302  	0.577026  	0.528591  	0.59521   	0.0186404 	0.0124496 	0.00460965	0.00666842	0.00377544
0.014598	0.584428  	0.578138  	0.529723  	0.596359  	0.0186434 	0.012454  	0.00462344	0.006688  	0.00378691
0.014645	0.585554  	0.57925   	0.530855  	0.597508  	0.0186464 	0.0124583 	0.00463723	0.00670759	0.00379838
0.014692	0.58668   	0.580362  	0.531986  	0.598657  	0.0186494 	0.0124626 	0.00465102	0.00672717	0.00380985
0.014739	0.587806  	0.581474  	0.533118  	0.599806  	0.0186524 	0.012467  	0.00466481	0.00674676	0.00382132
0.014786	0.588932  	0.582586  	0.53425   	0.600954  	0.0186554 	0.0124713 	0.0046786 	0.00676634	0.00383279
0.014833	0.590058  	0.583698  	0.535381  	0.602103  	0.0186584 	0.0124756 	0.00469239	0.00678593	0.00384427
0.014880	0.591184  	0.58481   	0.536513  	0.603252  	0.0186614 	0.01248   	0.00470618	0.00680551	0.00385574
0.014926	0.592311  	0.585922  	0.537645  	0.604401  	0.0186644 	0.0124843 	0.00471997	0.0068251 	0.00386721
0.014973	0.593437  	0.587034  	0.538776  	0.605549  	0.0186674 	0.0124886 	0.00473376	0.00684468	0.00387868
0.015020	0.594483  	0.588067  	0.539825  	0.606612  	0.0186706 	0.0124932 	0.00474719	0.00686371	0.00388988
0.015067	0.595423  	0.588996  	0.540765  	0.607559  	0.018674  	0.0124983 	0.00476016	0.006882  	0.00390071
0.015114	0.596363  	0.589924  	0.541704  	0.608507  	0.0186775 	0.0125033 	0.00477312	0.0069003 	0.00391155
0.015161	0.597303  	0.590852  	0.542644  	0.609455  	0.018681  	0.0125083 	0.00478608	0.00691859	0.00392238
0.015208	0.598243  	0.591781  	0.543583  	0.610402  	0.0186845 	0.0125133 	0.00479904	0.00693688	0.00393322
0.015255	0.599182  	0.592709  	0.544523  	0.61135   	0.018688  	0.0125183 	0.004812  	0.00695517	0.00394405
0.015302	0.600122  	0.593637  	0.545462  	0.612298  	0.0186914 	0.0125233 	0.00482496	0.00697346	0.00395489
0.015348	0.601062  	0.594565  	0.546401  	0.613245  	0.0186949 	0.0125283 	0.00483792	0.00699176	0.00396572
0.015395	0.602002  	0.595494  	0.547341  	0.614193  	0.0186984 	0.0125333 	0.00485088	0.00701005	0.00397656
0.015442	0.602942  	0.596422  	0.54828   	0.615141  	0.0187019 	0.0125383 	0.00486384	0.00702834	0.00398739
0.015489	0.603882  	0.59735   	0.54922   	0.616089  	0.0187053 	0.0125433 	0.00487681	0.00704663	0.00399823
0.015536	0.604822  	0.598279  	0.550159  	0.617036  	0.0187088 	0.0125483 	0.00488977	0.00706492	0.00400907
0.015583	0.605762  	0.599207  	0.551099  	0.617984  	0.0187123 	0.0125533 	0.00490273	0.00708321	0.0040199 
0.015630	0.606702  	0.600135  	0.552038  	0.618932  	0.0187158 	0.0125583 	0.00491569	0.00710151	0.00403074
0.015677	0.607642  	0.601064  	0.552977  	0.619879  	0.0187192 	0.0125633 	0.00492865	0.0071198 	0.00404157
0.015724	0.608582  	0.601992  	0.553917  	0.620827  	0.0187227 	0.0125683 	0.00494161	0.00713809	0.00405241
0.015770	0.609522  	0.60292   	0.554856  	0.621775  	0.0187262 	0.0125733 	0.00495457	0.00715638	0.00406324
0.015817	0.610462  	0.603848  	0.555796  	0.622722  	0.0187297 	0.0125783 	0.00496753	0.00717467	0.00407408
0.015864	0.611402  	0.604777  	0.556735  	0.62367   	0.0187331 	0.0125834 	0.0049805 	0.00719296	0.00408491
0.015911	0.612342  	0.605705  	0.557675  	0.624618  	0.0187366 	0.0125884 	0.00499346	0.00721126	0.00409575
0.015958	0.613282  	0.606633  	0.558614  	0.625565  	0.0187401 	0.0125934 	0.00500642	0.00722955	0.00410658
0.016005	0.614222  	0.607562  	0.559554  	0.626513  	0.0187436 	0.0125984 	0.00501938	0.00724784	0.00411742
0.016052	0.615162  	0.60849   	0.560493  	0.627461  	0.0187471 	0.0126034 	0.00503234	0.00726613	0.00412826
0.016099	0.616102  	0.609418  	0.561432  	0.628408  	0.0187505 	0.0126084 	0.0050453 	0.00728442	0.00413909
0.016146	0.617042  	0.610347  	0.562372  	0.629356  	0.018754  	0.0126134 	0.00505826	0.00730272	0.00414993
0.016192	0.617982  	0.611275  	0.563311  	0.630304  	0.0187575 	0.0126184 	0.00507122	0.00732101	0.00416076
0.016239	0.618922  	0.612203  	0.564251  	0.631251  	0.018761  	0.0126234 	0.00508418	0.0073393 	0.0041716 
0.016286	0.619862  	0.613131  	0.56519   	0.632199  	0.0187644 	0.0126284 	0.00509715	0.00735759	0.00418243
0.016333	0.620802  	0.61406   	0.56613   	0.633147  	0.0187679 	0.0126334 	0.00511011	0.00737588	0.00419327
0.016380	0.621742  	0.614988  	0.567069  	0.634094  	0.0187714 	0.0126384 	0.00512307	0.00739417	0.0042041 
0.016427	0.622682  	0.615916  	0.568008  	0.635042  	0.0187749 	0.0126434 	0.00513603	0.00741247	0.00421494
0.016474	0.623622  	0.616845  	0.568948  	0.63599   	0.0187783 	0.0126484 	0.00514899	0.00743076	0.00422577
0.016521	0.624562  	0.617773  	0.569887  	0.636938  	0.0187818 	0.0126534 	0.00516195	0.00744905	0.00423661
0.016568	0.625502  	0.618701  	0.570827  	0.637885  	0.0187853 	0.0126584 	0.00517491	0.00746734	0.00424745
0.016614	0.626442  	0.61963   	0.571766  	0.638833  	0.0187888 	0.0126634 	0.00518787	0.00748563	0.00425828
0.016661	0.627382  	0.620558  	0.572706  	0.639781  	0.0187922 	0.0126684 	0.00520084	0.00750392	0.00426912
0.016708	0.628322  	0.621486  	0.573645  	0.640728  	0.0187957 	0.0126735 	0.0052138 	0.00752222	0.00427995
0.016755	0.629262  	0.622414  	0.574584  	0.641676  	0.0187992 	0.0126785 	0.00522676	0.00754051	0.00429079
0.016802	0.630202  	0.623343  	0.575524  	0.642624  	0.0188027 	0.0126835 	0.00523972	0.0075588 	0.00430162
0.016849	0.631142  	0.624271  	0.576463  	0.643571  	0.0188062 	0.0126885 	0.00525268	0.00757709	0.00431246
0.016896	0.632082  	0.625199  	0.577403  	0.644519  	0.0188096 	0.0126935 	0.00526564	0.00759538	0.00432329
0.016943	0.633022  	0.626128  	0.578342  	0.645467  	0.0188131 	0.0126985 	0.0052786 	0.00761368	0.00433413
0.016990	0.633961  	0.627056  	0.579282  	0.646414  	0.0188166 	0.0127035 	0.00529156	0.00763197	0.00434496
0.017036	0.634901  	0.627984  	0.580221  	0.647362  	0.0188201 	0.0127085 	0.00530452	0.00765026	0.0043558 
0.017083	0.635841  	0.628912  	0.58116   	0.64831   	0.0188235 	0.0127135 	0.00531749	0.00766855	0.00436664
0.017130	0.636781  	0.629841  	0.5821    	0.649257  	0.018827  	0.0127185 	0.00533045	0.00768684	0.00437747
0.017177	0.637721  	0.630769  	0.583039  	0.650205  	0.0188305 	0.0127235 	0.00534341	0.00770513	0.00438831
0.017224	0.638661  	0.631697  	0.583979  	0.651153  	0.018834  	0.0127285 	0.00535637	0.00772343	0.00439914
0.017271	0.639601  	0.632626  	0.584918  	0.6521    	0.0188374 	0.0127335 	0.00536933	0.00774172	0.00440998
0.017318	0.640541  	0.633554  	0.585858  	0.653048  	0.0188409 	0.0127385 	0.00538229	0.00776001	0.00442081
0.017365	0.641481  	0.634482  	0.586797  	0.653996  	0.0188444 	0.0127435 	0.00539525	0.0077783 	0.00443165
0.017412	0.642421  	0.635411  	0.587736  	0.654943  	0.0188479 	0.0127485 	0.00540821	0.00779659	0.00444248
0.017458	0.643361  	0.636339  	0.588676  	0.655891  	0.0188513 	0.0127535 	0.00542117	0.00781488	0.00445332
0.017505	0.644301  	0.637267  	0.589615  	0.656839  	0.0188548 	0.0127586 	0.00543414	0.00783318	0.00446415
0.017552	0.645241  	0.638195  	0.590555  	0.657787  	0.0188583 	0.0127636 	0.0054471 	0.00785147	0.00447499
0.017599	0.646181  	0.639124  	0.591494  	0.658734  	0.0188618 	0.0127686 	0.00546006	0.00786976	0.00448583
0.017646	0.647121  	0.640052  	0.592434  	0.659682  	0.0188653 	0.0127736 	0.00547302	0.00788805	0.00449666
0.017693	0.648061  	0.64098   	0.593373  	0.66063   	0.0188687 	0.0127786 	0.00548598	0.00790634	0.0045075 
0.017740	0.649001  	0.641909  	0.594313  	0.661577  	0.0188722 	0.0127836 	0.00549894	0.00792464	0.00451833
0.017787	0.649941  	0.642837  	0.595252  	0.662525  	0.0188757 	0.0127886 	0.0055119 	0.00794293	0.00452917
0.017834	0.650881  	0.643765  	0.596191  	0.663473  	0.0188792 	0.0127936 	0.00552486	0.00796122	0.00454   
0.017880	0.651821  	0.644694  	0.597131  	0.66442   	0.0188826 	0.0127986 	0.00553783	0.00797951	0.00455084
0.017927	0.652761  	0.645622  	0.59807   	0.665368  	0.0188861 	0.0128036 	0.00555079	0.0079978 	0.00456167
0.017974	0.653701  	0.64655   	0.59901   	0.666316  	0.0188896 	0.0128086 	0.00556375	0.00801609	0.00457251
0.018021	0.654641  	0.647478  	0.599949  	0.667263  	0.0188931 	0.0128136 	0.00557671	0.00803439	0.00458334
0.018068	0.655581  	0.648407  	0.600889  	0.668211  	0.0188965 	0.0128186 	0.00558967	0.00805268	0.00459418
0.018115	0.656521  	0.649335  	0.601828  	0.669159  	0.0189    	0.0128236 	0.00560263	0.00807097	0.00460502
0.018162	0.657461  	0.650263  	0.602767  	0.670106  	0.0189035 	0.0128286 	0.00561559	0.00808926	0.00461585
0.018209	0.658401  	0.651192  	0.603707  	0.671054  	0.018907  	0.0128336 	0.00562855	0.00810755	0.00462669
0.018256	0.659341  	0.65212   	0.604646  	0.672002  	0.0189105 	0.0128386 	0.00564151	0.00812584	0.00463752
0.018302	0.660281  	0.653048  	0.605586  	0.672949  	0.0189139 	0.0128437 	0.00565448	0.00814414	0.00464836
0.018349	0.661221  	0.653977  	0.606525  	0.673897  	0.0189174 	0.0128487 	0.00566744	0.00816243	0.00465919
0.018396	0.662161  	0.654905  	0.607465  	0.674845  	0.0189209 	0.0128537 	0.0056804 	0.00818072	0.00467003
0.018443	0.663101  	0.655833  	0.608404  	0.675792  	0.0189244 	0.0128587 	0.00569336	0.00819901	0.00468086
0.018490	0.664041  	0.656761  	0.609343  	0.67674   	0.0189278 	0.0128637 	0.00570632	0.0082173 	0.0046917 
0.018537	0.664981  	0.65769   	0.610283  	0.677688  	0.0189313 	0.0128687 	0.00571928	0.0082356 	0.00470253
0.018584	0.665921  	0.658618  	0.611222  	0.678636  	0.0189348 	0.0128737 	0.00573224	0.00825389	0.00471337
0.018631	0.666861  	0.659546  	0.612162  	0.679583  	0.0189383 	0.0128787 	0.0057452 	0.00827218	0.00472421
0.018678	0.667801  	0.660475  	0.613101  	0.680531  	0.0189417 	0.0128837 	0.00575817	0.00829047	0.00473504
0.018724	0.668741  	0.661403  	0.614041  	0.681479  	0.0189452 	0.0128887 	0.00577113	0.00830876	0.00474588
0.018771	0.66968   	0.662331  	0.61498   	0.682426  	0.0189487 	0.0128937 	0.00578409	0.00832705	0.00475671
0.018818	0.67062   	0.66326   	0.615919  	0.683374  	0.0189522 	0.0128987 	0.00579705	0.00834535	0.00476755
0.018865	0.67156   	0.664188  	0.616859  	0.684322  	0.0189556 	0.0129037 	0.00581001	0.00836364	0.00477838
0.018912	0.6725    	0.665116  	0.617798  	0.685269  	0.0189591 	0.0129087 	0.00582297	0.00838193	0.00478922
0.018959	0.67344   	0.666044  	0.618738  	0.686217  	0.0189626 	0.0129137 	0.00583593	0.00840022	0.00480005
0.019006	0.67438   	0.666973  	0.619677  	0.687165  	0.0189661 	0.0129187 	0.00584889	0.00841851	0.00481089
0.019053	0.67532   	0.667901  	0.620617  	0.688112  	0.0189696 	0.0129237 	0.00586185	0.0084368 	0.00482173
0.019100	0.67626   	0.668829  	0.621556  	0.68906   	0.018973  	0.0129287 	0.00587482	0.0084551 	0.00483256
0.019147	0.6772    	0.669758  	0.622495  	0.690008  	0.0189765 	0.0129338 	0.00588778	0.00847339	0.0048434 
0.019193	0.67814   	0.670686  	0.623435  	0.690955  	0.01898   	0.0129388 	0.00590074	0.00849168	0.00485423
0.019240	0.67908   	0.671614  	0.624374  	0.691903  	0.0189835 	0.0129438 	0.0059137 	0.00850997	0.00486507
0.019287	0.68002   	0.672543  	0.625314  	0.692851  	0.0189869 	0.0129488 	0.00592666	0.00852826	0.0048759 
0.019334	0.68096   	0.673471  	0.626253  	0.693798  	0.0189904 	0.0129538 	0.00593962	0.00854656	0.00488674
0.019381	0.6819    	0.674399  	0.627193  	0.694746  	0.0189939 	0.0129588 	0.00595258	0.00856485	0.00489757
0.019428	0.68284   	0.675327  	0.628132  	0.695694  	0.0189974 	0.0129638 	0.00596554	0.00858314	0.00490841
0.019475	0.68378   	0.676256  	0.629072  	0.696641  	0.0190008 	0.0129688 	0.00597851	0.00860143	0.00491924
0.019522	0.68472   	0.677184  	0.630011  	0.697589  	0.0190043 	0.0129738 	0.00599147	0.00861972	0.00493008
0.019569	0.68566   	0.678112  	0.63095   	0.698537  	0.0190078 	0.0129788 	0.00600443	0.00863801	0.00494092
0.019615	0.6866    	0.679041  	0.63189   	0.699485  	0.0190113 	0.0129838 	0.00601739	0.00865631	0.00495175
0.019662	0.68754   	0.679969  	0.632829  	0.700432  	0.0190147 	0.0129888 	0.00603035	0.0086746 	0.00496259
0.019709	0.68848   	0.680897  	0.633769  	0.70138   	0.0190182 	0.0129938 	0.00604331	0.00869289	0.00497342
0.019756	0.68942   	0.681826  	0.634708  	0.702328  	0.0190217 	0.0129988 	0.00605627	0.00871118	0.00498426
0.019803	0.69036   	0.682754  	0.635648  	0.703275  	0.0190252 	0.0130038 	0.00606923	0.00872947	0.00499509
0.019850	0.6913    	0.683682  	0.636587  	0.704223  	0.0190287 	0.0130088 	0.00608219	0.00874776	0.00500593
0.019897	0.69224   	0.68461   	0.637526  	0.705171  	0.0190321 	0.0130138 	0.00609516	0.00876606	0.00501676
0.019944	0.69318   	0.685539  	0.638466  	0.706118  	0.0190356 	0.0130189 	0.00610812	0.00878435	0.0050276 
0.019991	0.69412   	0.686467  	0.639405  	0.707066  	0.0190391 	0.0130239 	0.00612108	0.00880264	0.00503843
0.020037	0.694973  	0.68731   	0.640248  	0.707914  	0.0190425 	0.0130287 	0.00613368	0.00882035	0.005049  
0.020084	0.695805  	0.688132  	0.641066  	0.708737  	0.0190459 	0.0130335 	0.00614618	0.00883792	0.00505949
0.020131	0.696637  	0.688953  	0.641884  	0.709561  	0.0190492 	0.0130383 	0.00615869	0.00885549	0.00506998
0.020178	0.697469  	0.689775  	0.642703  	0.710384  	0.0190526 	0.0130431 	0.00617119	0.00887306	0.00508047
0.020225	0.698301  	0.690596  	0.643521  	0.711207  	0.019056  	0.0130479 	0.0061837 	0.00889063	0.00509096
0.020272	0.699133  	0.691418  	0.644339  	0.71203   	0.0190594 	0.0130527 	0.0061962 	0.0089082 	0.00510145
0.020319	0.699965  	0.692239  	0.645157  	0.712853  	0.0190628 	0.0130575 	0.00620871	0.00892577	0.00511195
0.020366	0.700796  	0.693061  	0.645975  	0.713676  	0.0190661 	0.0130623 	0.00622122	0.00894334	0.00512244
0.020413	0.701628  	0.693882  	0.646794  	0.714499  	0.0190695 	0.0130671 	0.00623372	0.00896091	0.00513293
0.020459	0.70246   	0.694704  	0.647612  	0.715322  	0.0190729 	0.013072  	0.00624623	0.00897848	0.00514342
0.020506	0.703292  	0.695525  	0.64843   	0.716145  	0.0190763 	0.0130768 	0.00625873	0.00899605	0.00515391
0.020553	0.704124  	0.696347  	0.649248  	0.716969  	0.0190797 	0.0130816 	0.00627124	0.00901362	0.0051644 
0.020600	0.704956  	0.697168  	0.650066  	0.717792  	0.0190831 	0.0130864 	0.00628374	0.00903118	0.0051749 
0.020647	0.705788  	0.69799   	0.650885  	0.718615  	0.0190864 	0.0130912 	0.00629625	0.00904875	0.00518539
0.020694	0.706619  	0.698811  	0.651703  	0.719438  	0.0190898 	0.013096  	0.00630876	0.00906632	0.00519588
0.020741	0.707451  	0.699633  	0.652521  	0.720261  	0.0190932 	0.0131008 	0.00632126	0.00908389	0.00520637
0.020788	0.708283  	0.700454  	0.653339  	0.721084  	0.0190966 	0.0131056 	0.00633377	0.00910146	0.00521686
0.020835	0.709115  	0.701276  	0.654157  	0.721907  	0.0191    	0.0131104 	0.00634627	0.00911903	0.00522735
0.020881	0.709947  	0.702097  	0.654975  	0.72273   	0.0191033 	0.0131152 	0.00635878	0.0091366 	0.00523785
0.020928	0.710779  	0.702919  	0.655794  	0.723554  	0.0191067 	0.01312   	0.00637128	0.00915417	0.00524834
0.020975	0.71161   	0.70374   	0.656612  	0.724377  	0.0191101 	0.0131248 	0.00638379	0.00917174	0.00525883
0.021022	0.712442  	0.704562  	0.65743   	0.7252    	0.0191135 	0.0131296 	0.0063963 	0.00918931	0.00526932
0.021069	0.713274  	0.705383  	0.658248  	0.726023  	0.0191169 	0.0131344 	0.0064088 	0.00920688	0.00527981
0.021116	0.714106  	0.706205  	0.659066  	0.726846  	0.0191202 	0.0131392 	0.00642131	0.00922445	0.0052903 
0.021163	0.714938  	0.707027  	0.659885  	0.727669  	0.0191236 	0.013144  	0.00643381	0.00924201	0.0053008 
0.021210	0.71577   	0.707848  	0.660703  	0.728492  	0.019127  	0.0131488 	0.00644632	0.00925958	0.00531129
0.021257	0.716602  	0.70867   	0.661521  	0.729315  	0.0191304 	0.0131537 	0.00645882	0.00927715	0.00532178
0.021303	0.717433  	0.709491  	0.662339  	0.730138  	0.0191338 	0.0131585 	0.00647133	0.00929472	0.00533227
0.021350	0.718265  	0.710313  	0.663157  	0.730962  	0.0191371 	0.0131633 	0.00648384	0.00931229	0.00534276
0.021397	0.719097  	0.711134  	0.663976  	0.731785  	0.0191405 	0.0131681 	0.00649634	0.00932986	0.00535325
0.021444	0.719929  	0.711956  	0.664794  	0.732608  	0.0191439 	0.0131729 	0.00650885	0.00934743	0.00536375
0.021491	0.720761  	0.712777  	0.665612  	0.733431  	0.0191473 	0.0131777 	0.00652135	0.009365  	0.00537424
0.021538	0.721593  	0.713599  	0.66643   	0.734254  	0.0191507 	0.0131825 	0.00653386	0.00938257	0.00538473
0.021585	0.722425  	0.71442   	0.667248  	0.735077  	0.0191541 	0.0131873 	0.00654636	0.00940014	0.00539522
0.021632	0.723256  	0.715242  	0.668067  	0.7359    	0.0191574 	0.0131921 	0.00655887	0.00941771	0.00540571
0.021679	0.724088  	0.716063  	0.668885  	0.736723  	0.0191608 	0.0131969 	0.00657138	0.00943528	0.0054162 
0.021725	0.72492   	0.716885  	0.669703  	0.737547  	0.0191642 	0.0132017 	0.00658388	0.00945285	0.0054267 
0.021772	0.725752  	0.717706  	0.670521  	0.73837   	0.0191676 	0.0132065 	0.00659639	0.00947041	0.00543719
0.021819	0.726584  	0.718528  	0.671339  	0.739193  	0.019171  	0.0132113 	0.00660889	0.00948798	0.00544768
0.021866	0.727416  	0.719349  	0.672158  	0.740016  	0.0191743 	0.0132161 	0.0066214 	0.00950555	0.00545817
0.021913	0.728247  	0.720171  	0.672976  	0.740839  	0.0191777 	0.0132209 	0.0066339 	0.00952312	0.00546866
0.021960	0.729079  	0.720992  	0.673794  	0.741662  	0.0191811 	0.0132257 	0.00664641	0.00954069	0.00547915
0.022007	0.729911  	0.721814  	0.674612  	0.742485  	0.0191845 	0.0132305 	0.00665891	0.00955826	0.00548965
0.022054	0.730743  	0.722635  	0.67543   	0.743308  	0.0191879 	0.0132353 	0.00667142	0.00957583	0.00550014
0.022101	0.731575  	0.723457  	0.676249  	0.744131  	0.0191912 	0.0132402 	0.00668393	0.0095934 	0.00551063
0.022147	0.732407  	0.724278  	0.677067  	0.744955  	0.0191946 	0.013245  	0.00669643	0.00961097	0.00552112
0.022194	0.733239  	0.7251    	0.677885  	0.745778  	0.019198  	0.0132498 	0.00670894	0.00962854	0.00553161
0.022241	0.73407   	0.725921  	0.678703  	0.746601  	0.0192014 	0.0132546 	0.00672144	0.00964611	0.0055421 
0.022288	0.734902  	0.726743  	0.679521  	0.747424  	0.0192048 	0.0132594 	0.00673395	0.00966368	0.0055526 
0.022335	0.735734  	0.727564  	0.68034   	0.748247  	0.0192081 	0.0132642 	0.00674645	0.00968124	0.00556309
0.022382	0.736566  	0.728386  	0.681158  	0.74907   	0.0192115 	0.013269  	0.00675896	0.00969881	0.00557358
0.022429	0.737398  	0.729207  	0.681976  	0.749893  	0.0192149 	0.0132738 	0.00677147	0.00971638	0.00558407
0.022476	0.73823   	0.730029  	0.682794  	0.750716  	0.0192183 	0.0132786 	0.00678397	0.00973395	0.00559456
0.022523	0.739062  	0.730851  	0.683612  	0.75154   	0.0192217 	0.0132834 	0.00679648	0.00975152	0.00560505
0.022569	0.739893  	0.731672  	0.684431  	0.752363  	0.019225  	0.0132882 	0.00680898	0.00976909	0.00561555
0.022616	0.740725  	0.732494  	0.685249  	0.753186  	0.0192284 	0.013293  	0.00682149	0.00978666	0.00562604
0.022663	0.741557  	0.733315  	0.686067  	0.754009  	0.0192318 	0.0132978 	0.00683399	0.00980423	0.00563653
0.022710	0.742389  	0.734137  	0.686885  	0.754832  	0.0192352 	0.0133026 	0.0068465 	0.0098218 	0.00564702
0.022757	0.743221  	0.734958  	0.687703  	0.755655  	0.0192386 	0.0133074 	0.00685901	0.00983937	0.00565751
0.022804	0.744053  	0.73578   	0.688521  	0.756478  	0.019242  	0.0133122 	0.00687151	0.00985694	0.005668  
0.022851	0.744884  	0.736601  	0.68934   	0.757301  	0.0192453 	0.013317  	0.00688402	0.00987451	0.0056785 
0.022898	0.745716  	0.737423  	0.690158  	0.758124  	0.0192487 	0.0133219 	0.00689652	0.00989207	0.00568899
0.022945	0.746548  	0.738244  	0.690976  	0.758948  	0.0192521 	0.0133267 	0.00690903	0.00990964	0.00569948
0.022992	0.74738   	0.739066  	0.691794  	0.759771  	0.0192555 	0.0133315 	0.00692153	0.00992721	0.00570997
0.023038	0.748212  	0.739887  	0.692612  	0.760594  	0.0192589 	0.0133363 	0.00693404	0.00994478	0.00572046
0.023085	0.749044  	0.740709  	0.693431  	0.761417  	0.0192622 	0.0133411 	0.00694655	0.00996235	0.00573095
0.023132	0.749876  	0.74153   	0.694249  	0.76224   	0.0192656 	0.0133459 	0.00695905	0.00997992	0.00574145
0.023179	0.750707  	0.742352  	0.695067  	0.763063  	0.019269  	0.0133507 	0.00697156	0.00999749	0.00575194
0.023226	0.751539  	0.743173  	0.695885  	0.763886  	0.0192724 	0.0133555 	0.00698406	0.0100151 	0.00576243
0.023273	0.752371  	0.743995  	0.696703  	0.764709  	0.0192758 	0.0133603 	0.00699657	0.0100326 	0.00577292
0.023320	0.753203  	0.744816  	0.697522  	0.765533  	0.0192791 	0.0133651 	0.00700907	0.0100502 	0.00578341
0.023367	0.754035  	0.745638  	0.69834   	0.766356  	0.0192825 	0.0133699 	0.00702158	0.0100678 	0.00579391
0.023414	0.754867  	0.746459  	0.699158  	0.767179  	0.0192859 	0.0133747 	0.00703409	0.0100853 	0.0058044 
0.023460	0.755699  	0.747281  	0.699976  	0.768002  	0.0192893 	0.0133795 	0.00704659	0.0101029 	0.00581489
0.023507	0.75653   	0.748102  	0.700794  	0.768825  	0.0192927 	0.0133843 	0.0070591 	0.0101205 	0.00582538
0.023554	0.757362  	0.748924  	0.701613  	0.769648  	0.019296  	0.0133891 	0.0070716 	0.010138  	0.00583587
0.023601	0.758194  	0.749745  	0.702431  	0.770471  	0.0192994 	0.0133939 	0.00708411	0.0101556 	0.00584636
0.023648	0.759026  	0.750567  	0.703249  	0.771294  	0.0193028 	0.0133987 	0.00709661	0.0101732 	0.00585686
0.023695	0.759858  	0.751388  	0.704067  	0.772117  	0.0193062 	0.0134035 	0.00710912	0.0101908 	0.00586735
0.023742	0.76069   	0.75221   	0.704885  	0.772941  	0.0193096 	0.0134084 	0.00712163	0.0102083 	0.00587784
0.023789	0.761521  	0.753032  	0.705704  	0.773764  	0.019313  	0.0134132 	0.00713413	0.0102259 	0.00588833
0.023836	0.762353  	0.753853  	0.706522  	0.774587  	0.0193163 	0.013418  	0.00714664	0.0102435 	0.00589882
0.023882	0.763185  	0.754675  	0.70734   	0.77541   	0.0193197 	0.0134228 	0.00715914	0.010261  	0.00590931
0.023929	0.764017  	0.755496  	0.708158  	0.776233  	0.0193231 	0.0134276 	0.00717165	0.0102786 	0.00591981
0.023976	0.764849  	0.756318  	0.708976  	0.777056  	0.0193265 	0.0134324 	0.00718415	0.0102962 	0.0059303 
0.024023	0.765681  	0.757139  	0.709795  	0.777879  	0.0193299 	0.0134372 	0.00719666	0.0103137 	0.00594079
0.024070	0.766513  	0.757961  	0.710613  	0.778702  	0.0193332 	0.013442  	0.00720917	0.0103313 	0.00595128
0.024117	0.767344  	0.758782  	0.711431  	0.779526  	0.0193366 	0.0134468 	0.00722167	0.0103489 	0.00596177
0.024164	0.768176  	0.759604  	0.712249  	0.780349  	0.01934   	0.0134516 	0.00723418	0.0103664 	0.00597226
0.024211	0.769008  	0.760425  	0.713067  	0.781172  	0.0193434 	0.0134564 	0.00724668	0.010384  	0.00598276
0.024258	0.76984   	0.761247  	0.713886  	0.781995  	0.0193468 	0.0134612 	0.00725919	0.0104016 	0.00599325
0.024304	0.770672  	0.762068  	0.714704  	0.782818  	0.0193501 	0.013466  	0.00727169	0.0104191 	0.00600374
0.024351	0.771504  	0.76289   	0.715522  	0.783641  	0.0193535 	0.0134708 	0.0072842 	0.0104367 	0.00601423
0.024398	0.772336  	0.763711  	0.71634   	0.784464  	0.0193569 	0.0134756 	0.00729671	0.0104543 	0.00602472
0.024445	0.773167  	0.764533  	0.717158  	0.785287  	0.0193603 	0.0134804 	0.00730921	0.0104719 	0.00603521
0.024492	0.773999  	0.765354  	0.717977  	0.78611   	0.0193637 	0.0134852 	0.00732172	0.0104894 	0.00604571
0.024539	0.774831  	0.766176  	0.718795  	0.786934  	0.019367  	0.01349   	0.00733422	0.010507  	0.0060562 
0.024586	0.775663  	0.766997  	0.719613  	0.787757  	0.0193704 	0.0134949 	0.00734673	0.0105246 	0.00606669
0.024633	0.776495  	0.767819  	0.720431  	0.78858   	0.0193738 	0.0134997 	0.00735923	0.0105421 	0.00607718
0.024680	0.777327  	0.76864   	0.721249  	0.789403  	0.0193772 	0.0135045 	0.00737174	0.0105597 	0.00608767
0.024726	0.778158  	0.769462  	0.722067  	0.790226  	0.0193806 	0.0135093 	0.00738425	0.0105773 	0.00609816
0.024773	0.77899   	0.770283  	0.722886  	0.791049  	0.019384  	0.0135141 	0.00739675	0.0105948 	0.00610866
0.024820	0.779822  	0.771105  	0.723704  	0.791872  	0.0193873 	0.0135189 	0.00740926	0.0106124 	0.00611915
0.024867	0.780654  	0.771926  	0.724522  	0.792695  	0.0193907 	0.0135237 	0.00742176	0.01063   	0.00612964
0.024914	0.781486  	0.772748  	0.72534   	0.793519  	0.0193941 	0.0135285 	0.00743427	0.0106475 	0.00614013
0.024961	0.782318  	0.773569  	0.726158  	0.794342  	0.0193975 	0.0135333 	0.00744677	0.0106651 	0.00615062
0.025008	0.783138  	0.774379  	0.726964  	0.795152  	0.0194008 	0.0135381 	0.00745927	0.0106827 	0.00616111
0.025055	0.783899  	0.775131  	0.727709  	0.7959    	0.0194041 	0.0135427 	0.0074717 	0.0107    	0.00617158
0.025102	0.784661  	0.775883  	0.728454  	0.796648  	0.0194074 	0.0135473 	0.00748414	0.0107174 	0.00618205
0.025148	0.785422  	0.776635  	0.729198  	0.797396  	0.0194107 	0.0135519 	0.00749657	0.0107348 	0.00619252
0.025195	0.786184  	0.777387  	0.729943  	0.798144  	0.019414  	0.0135565 	0.00750901	0.0107522 	0.00620299
0.025242	0.786945  	0.778139  	0.730688  	0.798892  	0.0194173 	0.0135611 	0.00752144	0.0107696 	0.00621346
0.025289	0.787706  	0.778891  	0.731432  	0.79964   	0.0194206 	0.0135657 	0.00753388	0.010787  	0.00622394
0.025336	0.788468  	0.779643  	0.732177  	0.800388  	0.0194239 	0.0135703 	0.00754631	0.0108044 	0.00623441
0.025383	0.789229  	0.780395  	0.732922  	0.801136  	0.0194271 	0.0135749 	0.00755875	0.0108218 	0.00624488
0.025430	0.789991  	0.781147  	0.733666  	0.801884  	0.0194304 	0.0135795 	0.00757118	0.0108391 	0.00625535
0.025477	0.790752  	0.781899  	0.734411  	0.802632  	0.0194337 	0.0135841 	0.00758362	0.0108565 	0.00626582
0.025524	0.791513  	0.782651  	0.735155  	0.80338   	0.019437  	0.0135888 	0.00759606	0.0108739 	0.00627629
0.025570	0.792275  	0.783403  	0.7359    	0.804128  	0.0194403 	0.0135934 	0.00760849	0.0108913 	0.00628676
0.025617	0.793036  	0.784155  	0.736645  	0.804876  	0.0194436 	0.013598  	0.00762093	0.0109087 	0.00629723
0.025664	0.793798  	0.784907  	0.737389  	0.805624  	0.0194469 	0.0136026 	0.00763336	0.0109261 	0.0063077 
0.025711	0.794559  	0.785659  	0.738134  	0.806372  	0.0194502 	0.0136072 	0.0076458 	0.0109435 	0.00631817
0.025758	0.795321  	0.786411  	0.738879  	0.80712   	0.0194534 	0.0136118 	0.00765823	0.0109608 	0.00632864
0.025805	0.796082  	0.787163  	0.739623  	0.807867  	0.0194567 	0.0136164 	0.00767067	0.0109782 	0.00633911
0.025852	0.796843  	0.787915  	0.740368  	0.808615  	0.01946   	0.013621  	0.0076831 	0.0109956 	0.00634958
0.025899	0.797605  	0.788667  	0.741112  	0.809363  	0.0194633 	0.0136256 	0.00769554	0.011013  	0.00636006
0.025946	0.798366  	0.789419  	0.741857  	0.810111  	0.0194666 	0.0136302 	0.00770797	0.0110304 	0.00637053
0.025992	0.799128  	0.790171  	0.742602  	0.810859  	0.0194699 	0.0136348 	0.00772041	0.0110478 	0.006381  
0.026039	0.799889  	0.790923  	0.743346  	0.811607  	0.0194732 	0.0136394 	0.00773284	0.0110652 	0.00639147