0 0 0
1 1.94101 -65.558
2 1.73029 0.0477924
3 1.86846 -63.1137
4 1.6749 -56.58
5 1.77093 -59.776
6 1.78296 -60.1034
7 1.88632 -71.169
8 1.88419 -71.0182
9 1.8467 -62.366
10 1.82362 -61.5606
11 1.90082 -64.1101
12 1.99718 -75.2594
13 1.83185 -61.8595
14 1.86564 -62.7981
15 1.89419 -63.7402
16 1.68775 -60.2362
17 1.68224 -56.8204
18 1.69979 -57.3393
19 1.69006 -57.0787
20 0 0
21 1.77673 -60.0575
22 1.72997 -58.3328
23 1.81167 -61.1562
24 1.76517 -59.5014
25 1.81645 -61.2397
26 1.84261 -69.453
27 1.85579 -62.5643
28 1.89328 -63.7402
29 1.80784 -64.5801
30 1.74102 -58.5846
31 1.72212 -64.8732
32 1.71154 -57.7673
33 1.7568 -59.2584
34 1.7086 -57.6911
35 1.73351 -58.5443
36 1.68629 -56.9339
37 1.78609 -60.3056
38 1.74858 -59.0303
39 1.8335 -61.8823
40 1.84171 -62.2218
41 1.79739 -60.6531
42 1.88207 -70.9577
43 1.85113 -69.8161
44 1.83501 -69.1632
45 1.81571 -61.2908
46 1.76559 -59.3601
47 1.73374 -58.364
48 1.6371 -55.2433
49 1.6351 -55.1746
50 1.64828 -55.6636
51 1.60463 -54.1656
52 1.71099 -57.718
53 1.67377 -59.8345
54 1.70398 -64.1798
55 0 0
56 1.69726 -57.2452
57 1.69138 -63.7883
58 1.68263 -63.3791
59 1.76132 -66.281
60 1.73992 -65.4665
61 1.73433 -65.267
62 1.69452 -63.7693
63 1.63376 -55.0377
64 1.68467 -0.00376596
65 1.72053 -58.1573
66 1.67796 -56.6341
67 1.73345 -58.5996
68 1.72694 -58.2579
69 1.71809 -58.0766
70 1.77165 -59.7953
71 1.79028 -60.5071
72 1.77204 -59.8478
73 1.82013 -61.4942
74 1.78867 -67.4188
75 1.80586 -68.1751
76 1.83225 -69.0956
77 1.78714 -67.4795
78 1.73429 -58.4265
79 1.65517 -52.4245
80 1.68069 -56.751
81 1.72737 -58.3693
82 1.74002 -58.7913
83 1.71907 -58.0697
84 1.71766 -57.9607
85 1.78871 -67.5201
86 1.77981 -60.101
87 1.74222 -65.8174
88 1.80335 -60.8235
89 1.73863 -58.7011
90 1.81791 -61.3604
91 1.86758 -70.447
92 1.86033 -70.1057
93 1.8006 -67.8682
94 1.77667 -66.9383
95 1.68265 0.144063
96 1.70726 -57.685
97 1.7371 -58.6703
98 1.72502 -58.3014
99 1.78864 -60.3761
100 1.74039 -58.7541
101 1.755 -59.3116
102 1.74544 -58.8583
103 1.77749 -60.0795
104 1.82957 -61.6388
105 1.76442 -62.9954
106 1.81402 -68.3933
107 1.81405 -61.2058
108 1.86067 -62.7198
109 1.83259 -61.8395
110 1.82268 -68.5495
111 1.6767 -56.2955
112 1.63218 -61.5298
113 1.63861 -55.2781
114 1.65325 -0.00752697
115 1.68416 -56.8311
116 1.68148 -63.3475
117 1.67154 -56.4332
118 1.68942 -56.9313
119 1.71508 -64.6712
120 1.68032 -56.715
121 1.74042 -58.7146
122 1.70767 -64.3743
123 1.77971 -67.0345
124 1.79922 -67.858
125 1.74995 -59.0234
126 1.72899 -58.2535
127 0 0
