0 0 0
1 1.91957 -4.09357
2 1.72782 7.90765
3 1.8487 -4.29252
4 1.659 -3.8816
5 1.75115 2.26558
6 1.75949 13.042
7 1.86176 1.28851
8 1.85632 11.3119
9 1.82675 -2.34471
10 1.80284 1.69212
11 1.87571 9.31269
12 1.96518 13.9913
13 1.81184 -1.17775
14 1.83574 26.3118
15 1.86268 28.7364
16 1.66535 13.5052
17 1.66589 -2.84741
18 1.68006 7.10409
19 1.67348 -2.58407
20 0 0
21 1.76073 -10.0567
22 1.70853 10.4741
23 1.79107 1.96018
24 1.74196 13.4788
25 1.79238 12.3524
26 1.81598 10.9171
27 1.83044 13.2486
28 1.86293 25.3126
29 1.78481 6.177
30 1.7139 27.8671
31 1.6972 15.5651
32 1.69279 3.03979
33 1.73551 8.05912
34 1.69108 -0.754963
35 1.71591 -2.13454
36 1.66909 -0.320842
37 1.76677 -0.298846
38 1.72981 0.516037
39 1.81211 2.93218
40 1.82284 -5.34796
41 1.77636 4.27568
42 1.85526 8.28452
43 1.82606 5.52169
44 1.80844 11.3583
45 1.79508 1.77297
46 1.73565 34.807
47 1.70802 23.9995
48 1.61954 4.31256
49 1.61754 4.44816
50 1.63234 -1.98581
51 1.58836 2.11932
52 1.69081 7.77148
53 1.65568 0.194366
54 1.67919 16.6497
55 0 0
56 1.67734 7.92994
57 1.67059 4.541
58 1.65876 15.4989
59 1.73253 24.6497
60 1.71142 25.6052
61 1.70647 24.061
62 1.66792 23.4653
63 1.61263 16.766
64 1.68483 -0.542541
65 1.70554 -9.75137
66 1.66016 2.26471
67 1.71848 -10.6089
68 1.70683 6.42131
69 1.70322 -10.0104
70 1.75178 2.52889
71 1.77371 -9.07751
72 1.7539 -2.97701
73 1.80201 -6.1871
74 1.76375 10.0845
75 1.7853 -4.83087
76 1.80766 5.58611
77 1.76749 -6.29712
78 1.71061 17.4264
79 1.6325 23.5629
80 1.66386 -1.1442
81 1.71142 -7.08939
82 1.72361 -6.40829
83 1.70245 -4.3934
84 1.69844 4.17513
85 1.7682 -3.75284
86 1.7611 -1.71766
87 1.72502 -10.8904
88 1.7809 8.36029
89 1.72036 -0.339949
90 1.79717 2.02506
91 1.84292 3.02037
92 1.83275 12.4184
93 1.77533 10.2177
94 1.75084 13.9304
95 1.67639 20.596
96 1.69148 -6.36426
97 1.71977 -3.24284
98 1.70962 -8.72284
99 1.76872 1.51506
100 1.72181 0.535084
101 1.73893 -8.45167
102 1.72388 9.74105
103 1.76136 -9.66772
104 1.80336 17.9798
105 1.741 10.7812
106 1.78924 7.61218
107 1.7923 5.42096
108 1.83509 13.6917
109 1.81077 4.31779
110 1.79008 30.9608
111 1.64672 42.9596
112 1.61176 7.97821
113 1.62048 6.14794
114 1.65358 -1.08457
115 1.66571 3.98944
116 1.65813 13.836
117 1.65453 0.0723296
118 1.66762 14.7334
119 1.69324 6.13445
120 1.66251 2.12133
121 1.72008 6.17313
122 1.68528 8.50767
123 1.75299 16.4689
124 1.77584 4.43167
125 1.72884 7.96196
126 1.70569 16.587
127 0 0
