0 3.39716 -71.8031
1 3.11059 -65.6205
2 3.03452 -63.6477
3 3.1769 -66.9154
4 3.5336 -74.5636
5 3.38866 -71.0312
6 3.12757 -65.5007
7 3.44146 -72.1141
8 3.30195 -68.5749
9 3.24904 -67.4112
10 3.17321 -65.5166
11 3.09405 -63.9583
12 3.43582 -71.5878
13 3.10366 -63.9876
14 3.34206 -68.3297
15 3.28625 -66.9411
16 3.43829 -72.1071
17 3.29784 -68.7942
18 3.3712 -70.0421
19 3.16035 -65.3494
20 3.50791 -73.1908
21 3.38018 -69.9692
22 3.18151 -65.0977
23 3.28424 -67.6309
24 3.43559 -70.6555
25 3.36112 -68.733
26 3.71331 -76.0547
27 3.24857 -65.8107
28 3.29673 -66.7035
29 3.28892 -66.75
30 3.46411 -70.4062
31 3.10662 -61.7124
32 3.34091 -69.5617
33 3.33475 -69.3252
34 3.08401 -63.6812
35 3.23177 -66.9974
36 3.21095 -66.1417
37 3.13841 -64.5506
38 3.30825 -67.9751
39 3.41033 -154.211
40 3.52321 -71.7938
41 3.19599 -143.724
42 3.35047 -67.7455
43 3.61945 -73.606
44 3.50098 -70.7082
45 3.52783 -71.3088
46 3.35495 -67.5291
47 3.59091 -72.1205
48 3.58828 -75.7536
49 3.3138 -69.6494
50 3.43813 -72.3045
51 3.14502 -66.2693
52 3.48377 -72.9017
53 3.24236 -148.144
54 3.43821 -71.4988
55 3.49354 -73.1757
56 3.30155 -68.0671
57 3.69633 -168.706
58 3.3504 -69.0098
59 3.57063 -74.3634
60 3.51314 -72.5353
61 3.24944 -66.3602
62 3.48144 -70.48
63 3.40129 -69.1874
64 3.39994 -72.8698
65 3.26206 -69.6686
66 3.37226 -72.0785
67 3.06262 -65.4354
68 3.06267 -64.9255
69 3.20573 -68.1082
70 3.21619 -68.6708
71 3.14502 -66.7151
72 3.49013 -74.238
73 3.07847 -64.9025
74 3.51784 -74.7489
75 3.06692 -64.4542
76 3.20817 -146.96
77 3.13456 -65.4439
78 3.093 -140.954
79 3.22324 -66.7671
80 3.35017 -72.5728
81 3.51342 -76.1072
82 6.96974 400.091
83 3.34707 -72.3665
84 2.99908 -64.8306
85 3.31937 -71.8319
86 3.76033 -81.4362
87 3.47121 -75.1592
88 3.47396 -75.1014
89 2.94035 -63.3387
90 3.47725 -75.1294
91 3.43094 -73.9159
92 3.2253 -149.172
93 3.40763 -157.506
94 3.0054 -63.8862
95 3.07955 -141.746
96 3.00114 1.81876
97 3.38147 -73.3532
98 3.22786 -69.8901
99 3.15724 -68.4511
100 3.05147 -65.9733
101 3.25319 -70.4449
102 3.13237 -67.6812
103 3.36024 -72.6873
104 3.25564 -70.223
105 3.15846 -68.0707
106 3.11931 0.893178
107 3.15072 -67.5976
108 3.17957 -68.081
109 3.29951 -70.6629
110 3.13123 -66.7146
111 2.8375 -60.1678
112 3.19646 -68.4876
113 3.21254 -69.0925
114 3.28036 -70.3781
115 3.43417 -73.9243
116 3.41923 -73.6326
117 3.52364 -75.6384
118 3.43831 -73.6904
119 3.45006 -74.0032
120 3.42605 -73.3097
121 3.49505 -74.8528
122 3.47225 -74.0577
123 3.42688 -73.0834
124 3.73201 -79.4619
125 3.43572 -72.8366
126 3.42804 -72.3593
127 3.29685 -68.7438
