0 1.80731 -37.5595
1 1.65508 -34.296
2 1.61224 -33.2519
3 1.69272 -35.1081
4 1.87612 -38.8253
5 1.79794 -37.0572
6 1.66438 -34.0575
7 1.82695 -37.6462
8 1.74808 -35.568
9 1.71857 -34.8099
10 1.69459 -77.9193
11 1.65162 -75.9685
12 1.83229 -84.2296
13 1.65653 -80.6714
14 1.7811 -81.0452
15 1.73742 -33.7496
16 1.82825 -37.3109
17 1.75568 -35.7075
18 1.79032 -36.2335
19 1.68166 -33.709
20 1.86448 -37.6732
21 1.79425 -36.0715
22 1.6855 -33.2371
23 1.74233 -34.2951
24 1.82102 -36.0186
25 1.78484 -34.9004
26 1.97264 -39.044
27 1.71844 -33.2831
28 1.74469 -33.5177
29 1.74037 -33.4489
30 1.83202 -35.2335
31 1.64281 -27.1958
32 1.79216 -82.4936
33 1.79305 -87.8473
34 1.64405 -32.8268
35 1.73643 -79.4166
36 1.70823 -33.8037
37 1.68052 -81.479
38 1.77178 -80.6908
39 1.79585 -85.4354
40 1.88013 -88.6966
41 1.68473 -79.5079
42 1.79178 -80.8443
43 1.93515 -91.3879
44 1.85045 -35.6589
45 1.88211 -88.2041
46 1.7884 -83.4617
47 1.9167 -89.0743
48 1.91138 -39.752
49 1.77714 -82.5434
50 1.83077 -37.712
51 1.67482 -34.3237
52 1.87186 -86.7716
53 1.71771 -82.6391
54 1.83854 -84.7725
55 1.87606 -87.0132
56 1.76279 -80.9153
57 1.95202 -93.8674
58 1.79136 -82.1424
59 1.91427 -87.8372
60 1.87357 -85.598
61 1.73544 -82.4613
62 1.85662 -84.2134
63 1.82428 -86.2693
64 1.80724 -38.5265
65 1.73317 -36.7858
66 1.80375 -84.8855
67 1.62843 -34.4875
68 1.63499 -76.8521
69 1.71288 -80.44
70 1.72144 -80.9715
71 1.67849 -78.6826
72 1.87134 -91.5923
73 1.64411 -79.9771
74 1.87993 -87.2018
75 1.63917 -76.5993
76 1.68444 -81.782
77 1.66818 -80.5101
78 1.62195 -77.9665
79 1.70963 -34.6094
80 1.78298 -38.7546
81 1.8681 -40.6208
82 0 0
83 1.79013 -84.8848
84 1.59569 -34.5882
85 1.77776 -84.1288
86 1.99696 -43.5643
87 1.84081 -39.656
88 1.84011 -39.656
89 1.57491 -74.8262
90 1.84721 -40.1052
91 1.83235 -86.8323
92 1.69441 -83.3446
93 1.79199 -88.0473
94 1.59851 -74.9167
95 1.60571 -30.69
96 0 0
97 1.79757 -39.2261
98 1.71338 -37.1497
99 1.68174 -36.7805
100 1.62321 -35.3005
101 1.73538 -68.7717
102 1.66272 -36.4108
103 1.78501 -38.7893
104 1.72797 -37.5451
105 1.67925 -36.3773
106 0 0
107 1.67807 -66.1675
108 1.68551 -36.3618
109 1.74432 -37.517
110 1.66864 -78.5167
111 1.49758 -31.4426
112 1.69771 -36.2926
113 1.7188 -67.6332
114 1.75989 -65.2662
115 1.84136 -87.0806
116 1.84162 -90.1478
117 1.8882 -92.858
118 1.84379 -87.0323
119 1.84902 -90.8221
120 1.82806 -71.6095
121 1.87399 -91.9653
122 1.85506 -87.1988
123 1.83791 -86.3695
124 1.98461 -45.4219
125 1.84138 -81.0421
126 1.82439 -70.3957
127 1.75751 -81.5878
