0 3.35511 -71.4241
1 3.07125 -65.3101
2 2.99513 -63.3581
3 3.1347 -66.5741
4 3.48547 -74.1119
5 3.34125 -70.6208
6 3.08274 -65.1569
7 3.39084 -71.6677
8 3.25216 -68.1766
9 3.19883 -67.021
10 3.12298 -65.15
11 3.04379 -63.6049
12 3.3786 -71.0968
13 3.05059 -63.6177
14 3.28343 -67.8872
15 3.22703 -66.5139
16 3.39573 -71.7309
17 3.25614 -68.4542
18 3.32745 -69.681
19 3.11838 -65.0428
20 3.46013 -72.7673
21 3.33289 -69.5841
22 3.13593 -64.779
23 3.23595 -67.2633
24 3.38379 -70.2368
25 3.30919 -68.3372
26 3.65454 -75.5389
27 3.19582 -65.4481
28 3.24185 -66.3191
29 3.2327 -66.3515
30 3.40335 -69.9358
31 3.05065 -61.3977
32 3.29957 -69.2213
33 3.29259 -68.9815
34 3.04398 -63.4031
35 3.18886 -66.668
36 3.16723 -65.8202
37 3.0945 -64.2425
38 3.26085 -67.6142
39 3.3602 -152.588
40 3.4701 -71.3676
41 3.14662 -142.186
42 3.29745 -67.3653
43 3.56068 -73.1216
44 3.44271 -70.2636
45 3.46753 -70.8418
46 3.29611 -67.116
47 3.52622 -71.6216
48 3.54386 -75.3285
49 3.2719 -69.293
50 3.39351 -71.9051
51 3.10324 -65.9359
52 3.43632 -72.4793
53 3.197 -146.664
54 3.38894 -71.0794
55 3.44216 -72.7148
56 3.25178 -67.6829
57 3.63921 -166.763
58 3.29736 -68.5933
59 3.51264 -73.8421
60 3.45465 -72.0392
61 3.19388 -65.9616
62 3.42038 -70.0128
63 3.34 -68.7238
64 3.35784 -72.4662
65 3.22081 -69.2988
66 3.32848 -71.6678
67 3.02193 -65.1013
68 3.02095 -64.5963
69 3.16086 -67.7249
70 3.17008 -68.2658
71 3.09876 -66.3335
72 3.43748 -73.7342
73 3.03088 -64.5344
74 3.46213 -74.2132
75 3.0171 -64.0773
76 3.15474 -145.212
77 3.08095 -65.0377
78 3.03874 -139.226
79 3.16514 -66.3248
80 3.30868 -72.1636
81 3.46898 -75.6452
82 6.88165 393.094
83 3.30259 -71.9291
84 2.95821 -64.4861
85 3.2729 -71.3805
86 3.70641 -80.8375
87 3.42014 -74.636
88 3.42155 -74.5674
89 2.89488 -62.9736
90 3.42217 -74.569
91 3.37519 -73.3637
92 3.17157 -147.365
93 3.34934 -155.512
94 2.95265 -63.4767
95 3.02403 -139.934
96 2.96398 1.2988
97 3.33869 -72.9241
98 3.18594 -69.4957
99 3.11528 -68.0652
100 3.00989 -65.6133
101 3.20765 -70.012
102 3.08746 -67.2789
103 3.3108 -72.2009
104 3.20652 -69.7638
105 3.10961 -67.6335
106 3.06989 0.256427
107 3.09952 -67.1505
108 3.1266 -67.6169
109 3.24307 -70.143
110 3.07627 -66.2545
111 2.78633 -59.8145
112 3.15688 -68.1372
113 3.1719 -68.7239
114 3.23776 -69.9856
115 3.38854 -73.4735
116 3.37264 -73.1738
117 3.47432 -75.1428
118 3.38902 -73.2117
119 3.39931 -73.5066
120 3.37436 -72.8133
121 3.44101 -74.3198
122 3.41726 -73.5285
123 3.3712 -72.5559
124 3.66984 -78.8199
125 3.37695 -72.2924
126 3.36788 -71.8141
127 3.23741 -68.2603
