0 0 0 0
1 2687.99 2860.43 3026.1
2 2979.39 3170.91 3354.93
3 2791.14 2970.22 3142.18
4 3110.06 3309.57 3501.2
5 2942.99 3131.67 3313.57
6 2922.81 3110.92 3291.64
7 2768.63 2946.18 3117.2
8 2771.3 2949.55 3120.87
9 2823.65 3004.67 3178.9
10 2858.79 3042.4 3218.72
11 2743.8 2919.92 3089.77
12 2616.34 2784.94 2946.56
13 2846.18 3028.92 3204.32
14 2794.22 2974.42 3147.73
15 2752.53 2929.98 3100.96
16 3087.76 3286.5 3477.45
17 3096.74 3294.96 3486.27
18 3064.55 3261.48 3450.81
19 3082.44 3280 3470.24
20 3082.44 3280 3470.24
21 2933.86 3121.82 3302.44
22 3011.46 3205.25 3391.29
23 2877.52 3062.07 3239.81
24 2951.92 3141.97 3324.44
25 2869.53 3054.22 3231.58
26 2833.14 3015.09 3190.47
27 2809.35 2990.2 3163.84
28 2753.97 2931.42 3102.3
29 2885.21 3070.43 3248.83
30 2991.88 3184.99 3370.47
31 3028.66 3223.48 3411
32 3043.83 3239.5 3427.16
33 2966.18 3156.56 3340.09
34 3049.17 3244.98 3432.93
35 3005.93 3198.7 3384.12
36 3088.98 3287.64 3477.8
37 2918.31 3105.54 3285.61
38 2980.21 3171.38 3355.39
39 2843.54 3026.09 3201.66
40 2831.29 3012.89 3187.27
41 2900.03 3086.1 3265.36
42 2774.5 2952.8 3124.29
43 2820.32 3001.72 3175.65
44 2844.71 3027.41 3203.53
45 2871.2 3055.3 3232.71
46 2950.52 3140.88 3324.4
47 3004.59 3198 3384.52
48 3180.72 3385.25 3581.41
49 3184.65 3389.21 3585.84
50 3159.67 3362.48 3557.24
51 3244.63 3452.94 3653.16
52 3044.65 3240.43 3428.4
53 3113.94 3313.48 3505.89
54 3060.47 3257.38 3446.92
55 3060.47 3257.38 3446.92
56 3068.91 3266.49 3455.82
57 3083.47 3281.46 3471.95
58 3098.84 3298.29 3490.09
59 2961.59 3152.62 3336.18
60 2997.57 3190.9 3376.78
61 3007.16 3201.1 3387.47
62 3077.04 3275.37 3466.14
63 3186.9 3391.45 3589.35
64 3060.3 3256.98 3445.49
65 3028.67 3222.6 3409.19
66 3104.19 3303.51 3495.11
67 3006.5 3198.55 3384.16
68 3016.86 3210.77 3397.09
69 3032.99 3227.05 3414.03
70 2941.82 3130.31 3312.3
71 2911.78 3098.58 3277.67
72 2941.35 3129.77 3311.38
73 2864.6 3047.97 3224.75
74 2917.44 3105.04 3285.4
75 2890.62 3075.82 3254.14
76 2849.02 3032.19 3208.04
77 2920.51 3107.78 3287.69
78 3003.76 3197.25 3383.15
79 3143.68 3346.53 3541.22
80 3099.34 3298.17 3489.39
81 3016.68 3209.98 3395.89
82 2994.97 3186.88 3371.5
83 3031.03 3225.24 3412.24
84 3033.13 3227.85 3415.24
85 2918.09 3104.69 3285.13
86 2928.47 3116.51 3296.98
87 2995.07 3186.98 3371.29
88 2890.4 3075.92 3254.82
89 2997.08 3189.4 3374.32
90 2867.74 3051.63 3228.86
91 2795.9 2975.54 3148.05
92 2806.41 2986.69 3160.52
93 2898.35 3084.66 3263.91
94 2936.7 3125.83 3307.37
95 3063.32 3260.34 3450.46
96 3051.79 3247.47 3435.47
97 2999.8 3192.19 3377.17
98 3020.81 3214.35 3400.42
99 2914.18 3100.97 3281.11
100 2994.24 3185.82 3371.17
101 2969.7 3160.1 3342.91
102 2985.11 3177.06 3361.58
103 2932.63 3120.43 3301.09
104 2849.03 3032.36 3208.91
105 2955.22 3145.07 3327.99
106 2877.32 3062.04 3240.04
107 2873.61 3058.08 3235.71
108 2801.96 2982.54 3155.61
109 2844.77 3027.78 3203.17
110 2862.94 3047.52 3225.49
111 3104.82 3305.71 3498.93
112 3193.9 3399.06 3596.56
113 3177.77 3382.05 3578.26
114 3118.68 3318.44 3511.16
115 3092.88 3291.31 3482.5
116 3101.06 3300.45 3492.46
117 3116.08 3316.06 3508.33
118 3082.8 3281.31 3471.97
119 3041.22 3236.73 3424.5
120 3099.98 3298.69 3490.35
121 2993.76 3186.16 3371.06
122 3054.43 3250.08 3439.53
123 2931.76 3120.31 3301.98
124 2900.68 3087.21 3266.13
125 2977.59 3168.92 3352.98
126 3013.05 3206.69 3393.54
127 3013.05 3206.69 3393.54
