0 3.17121 298.524
1 2.91126 290.778
2 2.82209 325.564
3 2.96296 307.707
4 3.28185 322.332
5 3.1249 362.31
6 2.89687 344.741
7 3.16848 369.561
8 3.01142 421.078
9 2.96318 422.103
10 2.88112 446.468
11 2.81941 429.589
12 3.13773 411.474
13 2.81803 447.727
14 2.98255 530.312
15 2.92399 546.38
16 3.16964 362.981
17 3.0264 389.256
18 3.07115 425.387
19 2.87599 435.08
20 3.20466 408.274
21 3.06301 452.344
22 2.85535 505.083
23 2.96296 476.679
24 3.08151 503.114
25 2.99866 531.451
26 3.28691 563.876
27 2.87448 574.754
28 2.9083 588.823
29 2.91294 569.263
30 3.05706 583.771
31 2.70162 662.962
32 3.05484 407.038
33 3.04307 417.492
34 2.80715 435.465
35 2.94545 425.899
36 2.90375 466.048
37 2.83842 467.003
38 2.97413 494.021
39 2.99503 533.958
40 3.11417 574.718
41 2.78639 579.201
42 2.94825 600.279
43 3.18169 600.125
44 3.06165 627.975
45 3.08564 626.641
46 2.93569 627.862
47 3.10945 674.594
48 3.33173 322.618
49 3.07265 335.381
50 3.18263 341.513
51 2.93667 302.214
52 3.19812 383.742
53 2.94665 366.66
54 3.13111 425.82
55 3.21092 377.369
56 2.98177 470.906
57 3.30951 424.17
58 3.01821 482.808
59 3.24856 428.133
60 3.1615 484.893
61 2.90358 525.743
62 3.05547 610.73
63 3.01055 570.235
64 3.24456 181.627
65 3.10123 204.734
66 3.20496 204.152
67 2.92177 190.325
68 2.88878 250.814
69 3.02606 243.724
70 3.0584 204.328
71 2.96502 251.65
72 3.2854 252.507
73 2.8805 292.71
74 3.30439 263.26
75 2.85786 314.595
76 2.94021 324.393
77 2.89075 367.151
78 2.80157 390.224
79 2.9352 430.384
80 3.25699 82.3056
81 3.41104 86.2472
82 1.93238 4110.24
83 3.24275 101.175
84 2.9144 92.1693
85 3.22217 91.1975
86 3.64184 94.291
87 3.3685 89.6733
88 3.36173 104.858
89 2.8438 119.189
90 3.3614 110.464
91 3.30158 136.088
92 3.04456 167.176
93 3.20022 186.592
94 2.84858 226.218
95 2.87116 239.761
96 2.87116 239.761
97 3.29466 69.6139
98 3.13869 83.8574
99 3.07849 70.3298
100 2.9646 92.3488
101 3.16313 83.6398
102 3.03799 99.9423
103 3.25845 95.9949
104 3.14489 119.113
105 3.04999 122.995
106 3.04999 122.995
107 3.02121 161.081
108 3.03835 179.042
109 3.1489 183.431
110 2.97182 216.466
111 2.68798 232.609
112 3.05692 174.406
113 3.09009 143.016
114 3.14036 167.163
115 3.2999 143.848
116 3.28836 139.531
117 3.36621 173.289
118 3.27942 183.679
119 3.29468 176.843
120 3.25957 197.293
121 3.32709 192.857
122 3.28385 228.164
123 3.24264 226.326
124 3.50566 258.689
125 3.21991 276.963
126 3.19171 311.531
127 3.02374 392.268
