0 22 2824.68 3019.93 3202.99
1 22 3082.51 3293.85 3494.87
2 22 3162.29 3379.21 3586.56
3 22 3012.15 3219.33 3415.46
4 22 2717.18 2905.91 3083.58
5 22 2833.22 3029.65 3215.96
6 22 3058.12 3268.28 3472.15
7 22 2786.57 2978.92 3163.64
8 22 2908.26 3111.18 3305.21
9 22 2956.09 3162.9 3360.77
10 48 3020 3232.33 3433.97
11 48 3096.26 3314.42 3520
12 48 2792.87 2990.17 3178.03
13 51 3085.21 3303.68 3512
14 48 2865.68 3071.24 3267.57
15 22 2908.7 3120.05 3320.87
16 22 2789.69 2984.05 3169.46
17 22 2903.44 3105.17 3298.97
18 22 2845.22 3044.9 3234.99
19 22 3026.05 3239 3442.15
20 22 2730.28 2922.38 3106.02
21 22 2834.72 3035.06 3225.6
22 22 3013.02 3227.69 3432.84
23 22 2913.76 3120.96 3321.44
24 22 2786.9 2987.39 3176.97
25 22 2840.42 3045.84 3240.9
26 22 2570.76 2757.64 2932.99
27 22 2946.24 3159.64 3363.43
28 22 2898.97 3111.66 3312.52
29 22 2904.54 3118.52 3318.87
30 22 2759.06 2959.86 3154.42
31 20 3067.98 3293.79 3513.63
32 48 2868.47 3069.22 3260.88
33 51 2869.15 3069.42 3261.91
34 22 3095.54 3313.44 3521.65
35 48 2954.52 3162.27 3362.79
36 22 2975.72 3187.66 3389.42
37 51 3050.15 3266.89 3474.42
38 48 2890.86 3097.41 3294.25
39 50 2854.05 3056.49 3252.06
40 50 2722.62 2921.01 3109.63
41 50 3034.52 3252.43 3461.77
42 48 2850.71 3058.43 3255.66
43 50 2643.34 2835.46 3019.73
44 22 2734.24 2933.87 3125.54
45 50 2711.67 2911.07 3102.36
46 50 2848.61 3061.44 3260.1
47 50 2656.67 2857.87 3045.99
48 22 2671.81 2856.28 3030.3
49 48 2895.25 3094.43 3284.69
50 22 2785.78 2978.26 3162.24
51 22 3042.56 3252.12 3453.7
52 48 2746.59 2937.63 3118.77
53 50 2989.05 3196.95 3396.06
54 48 2791.72 2987.1 3173.77
55 48 2737.82 2927.38 3108.85
56 48 2906.81 3109.7 3307.06
57 50 2630.39 2813.96 2992.08
58 48 2857.41 3060.12 3252.35
59 48 2675.57 2864.13 3046.67
60 48 2729.53 2925.21 3110.76
61 50 2943.31 3155.51 3354.66
62 48 2748.72 2948.67 3137.59
63 50 2797.54 2999.4 3193.62
64 22 2830.21 3019.55 3200.34
65 22 2948.98 3146.34 3335.94
66 48 2857.51 3049.07 3232.33
67 22 3134.85 3345.63 3546.62
68 48 3145.46 3357.23 3558.31
69 48 3002.72 3205.22 3398.15
70 48 2987.27 3189.15 3379.63
71 48 3060.33 3267.46 3464.82
72 50 2750.59 2936.06 3114.13
73 50 3120 3336 3536
74 48 2728 2920.21 3098.13
75 48 3128 3336 3544
76 50 3044 3248 3452
77 50 3068 3280 3484
78 50 3151.3 3370.29 3581.22
79 22 2962.54 3172.18 3369.26
80 22 2872.54 3060.63 3240.88
81 22 2741.81 2921.42 3093.42
82 0 0 0 0
83 48 2882 3070 3254
84 22 3202.02 3414.01 3614.02
85 48 2898.02 3090.01 3274.02
86 22 2562 2730.01 2890.02
87 22 2774.03 2958.02 3134.03
88 22 2774.03 2958.03 3134.03
89 48 3262.04 3478.04 3682.05
90 22 2762.04 2946.04 3118.05
91 48 2806.05 2994.05 3170.06
92 50 3030.02 3234.02 3426.03
93 50 2866.02 3058.02 3242.02
94 48 3202.01 3418.01 3626.01
95 20 3160.33 3373.67 3578.71
96 0 0 0 0
97 22 2850 3034 3214
98 22 2986 3182 3370
99 22 3042 3242 3430
100 22 3150 3354 3554
101 40 2962 3158 3342
102 22 3074 3274 3466
103 22 2862 3050 3230
104 22 2954 3150 3334
105 22 3038 3238 3430
106 0 0 0 0
107 40 3054.01 3254.01 3450.01
108 22 3022.01 3222.01 3414.01
109 22 2918.01 3114.01 3298.01
110 48 3070.01 3278.01 3474
111 22 3389.04 3616.89 3838.47
112 22 3012.39 3212.97 3404.77
113 40 2992.48 3190.96 3380.61
114 40 2898.41 3123.16 3309.71
115 48 2801.02 2987.39 3164.89
116 50 2810.90 2965.79 3176.95
117 50 2731.44 2914.26 3088.31
118 48 2793.45 2980.24 3158.22
119 50 2785.72 2972.84 3150.78
120 40 2806.62 2995.08 3174.89
121 50 2746.55 2931.57 3107.60
122 48 2770.54 2957.54 3136.18
123 48 2794.74 2983.31 3163.84
124 22 2577.38 2752.71 2887.30
125 48 2756.96 2983.62 3165.05
126 40 2799.41 2993.03 3177.20
127 48 2910.01 3111.61 3303.78
