0 1531.65 1635.99 1736.3
1 1671 1784.89 1893.92
2 1711.27 1829.37 1941.22
3 1635.97 1748.36 1854.99
4 1472.74 1573.63 1670.49
5 1533.72 1640.27 1741.39
6 1660.73 1775 1884.76
7 1510.29 1615.51 1715.1
8 1572.06 1682.45 1787.56
9 1597.54 1709 1816.56
10 1634.14 1750.15 1859.37
11 1676.02 1794.17 1906.19
12 1511.77 1617.91 1718.59
13 1670.37 1788.68 1900.65
14 1550.94 1661.52 1768.54
15 1576.32 1689.68 1798.27
16 1512.04 1616.54 1716.79
17 1574.91 1684.39 1789.35
18 1540.3 1647.87 1751.62
19 1641.46 1756.3 1867.12
20 1481.34 1584.82 1683.85
21 1535.37 1643.91 1747.24
22 1628.77 1744.57 1856.06
23 1578.82 1691.58 1797.83
24 1509.71 1617.49 1720.31
25 1541.99 1652.7 1758.41
26 1397.1 1497.48 1594.55
27 1593.18 1709.78 1818.92
28 1570.72 1683.21 1793.88
29 1574.26 1688.61 1797.04
30 1495.1 1604.67 1707.36
31 1663.24 1784.93 1903.47
32 1554.36 1663.03 1766.8
33 1556.91 1666.08 1770.17
34 1681.48 1799.44 1912.67
35 1605.69 1718.37 1826.02
36 1615.04 1728.97 1838.54
37 1651.79 1768.61 1880.43
38 1567.39 1678.71 1785.6
39 1542.99 1653.92 1759.67
40 1470.86 1577.59 1679.25
41 1642.22 1761.67 1875.12
42 1545.22 1657.17 1765.35
43 1431.7 1536.04 1635.67
44 1478.63 1587.39 1690.59
45 1467.23 1576.19 1677.51
46 1542.19 1655.38 1763.25
47 1440.35 1549.17 1648.99
48 1450.62 1549.95 1645.41
49 1568.7 1676.64 1779.91
50 1512.54 1616.83 1716.45
51 1652.63 1765.58 1873.62
52 1491.97 1595.88 1694.89
53 1624.87 1738.34 1845.09
54 1510.59 1616.33 1717.86
55 1487.86 1591.8 1689.96
56 1571.11 1682.19 1788.76
57 1429.4 1530.24 1625.48
58 1548 1658.35 1763.01
59 1454.9 1557.94 1654.65
60 1477.44 1581.99 1682.72
61 1594.35 1708.98 1817.85
62 1487.28 1596.22 1699.67
63 1522.94 1633.44 1738.5
64 1532.98 1635.19 1733
65 1596.5 1703.06 1805.77
66 1544.87 1648.41 1747.36
67 1699.24 1813.12 1921.35
68 1697.76 1812.77 1922.41
69 1623.32 1732.38 1837.79
70 1618.79 1727.45 1830.98
71 1653.94 1765.63 1872.82
72 1492.29 1593.41 1689.82
73 1688.41 1802.79 1913.72
74 1480.39 1581.14 1676.78
75 1693.55 1810.61 1920.61
76 1642.78 1756.57 1863.48
77 1656.26 1771.49 1880.75
78 1700.8 1819.54 1932.44
79 1609.78 1722.82 1830.88
80 1557.69 1659.31 1756.95
81 1486.17 1583.24 1676.43
82 540 714.395 875.76
83 1563.57 1652.01 1762.75
84 1737.35 1851.11 1960.03
85 1571.7 1674.61 1773.11
86 1389.73 1480.79 1567.93
87 1503.87 1602.32 1696.53
88 1502.42 1600.95 1695.47
89 1771.02 1887.47 1999.23
90 1500.92 1599.4 1693.99
91 1520.39 1620.55 1716.96
92 1638.44 1747.33 1851.6
93 1552.65 1656.32 1755.44
94 1730.35 1846.99 1958.17
95 1712.26 1827.26 1938.3
96 1712.26 1827.26 1938.3
97 1543.7 1644.25 1740.68
98 1615.9 1721.37 1822.67
99 1651.83 1759.55 1862.64
100 1707.89 1819.65 1926.8
101 1603.44 1708.22 1808.61
102 1664.1 1773.26 1877.72
103 1552.78 1654.38 1751.95
104 1601.46 1706.85 1807.82
105 1650 1758.72 1862.78
106 1650 1758.72 1862.78
107 1653.17 1762.75 1867.98
108 1637.97 1746.82 1851.57
109 1579.05 1684.14 1785.15
110 1662.01 1773.4 1880.39
111 1831.5 1954.68 2072.94
112 1629.49 1737.81 1841.79
113 1622.13 1729.38 1832.15
114 1588.52 1693.9 1795.18
115 1518.63 1619.4 1715.29
116 1525.27 1626.4 1722.62
117 1480.03 1578.63 1672.82
118 1516 1617.29 1713.89
119 1511 1611.99 1707.97
120 1520.98 1623.12 1720.07
121 1491.45 1591.51 1686.5
122 1500.36 1601.67 1697.98
123 1519.85 1622.89 1719.97
124 1396.64 1491.79 1581.75
125 1514.94 1618.44 1716.48
126 1517.63 1621.63 1720.96
127 1575.67 1684.13 1790.31
