1.09803 61.0112 12.6465
1.19349 61.0132 12.6468
1.28894 61.0154 12.6471
1.38438 61.0178 12.6473
1.47981 61.0204 12.6477
1.57524 61.0231 12.648
1.67065 61.0259 12.6484
1.76606 61.029 12.6487
1.86146 61.0322 12.6491
1.95684 61.0356 12.6495
2.05222 61.0392 12.65
2.14759 61.0429 12.6504
2.24294 61.0468 12.6509
2.33828 61.0508 12.6514
2.43361 61.0551 12.6519
2.52892 61.0595 12.6525
2.62422 61.064 12.6531
2.71951 61.0688 12.6537
2.81478 61.0737 12.6543
2.91003 61.0788 12.6549
3.00527 61.084 12.6555
3.10049 61.0894 12.6562
3.1957 61.095 12.6569
3.29088 61.1008 12.6576
